EBA40 30 1    83.587296
EBA40 31 1    82.982452
EBA40 32 1    79.877060
EBA40 37 1    82.293213
EBA40 38 1    82.541245
EBA40 39 1    81.717979
EBA40 40 1    82.687691
EBA40 30 0    1.274042
EBA40 31 0    1.285481
EBA40 32 0    1.276251
EBA40 37 0    1.259166
EBA40 38 0    1.292426
EBA40 39 0    1.304705
EBA40 40 0    1.350591
EBA40 35 0    1.309152
EBA40 36 1    80.922569
EBA40 41 1    78.169113
EBA61 15 1    84.562355
EBA61 15 0    1.260859
LBC49 24 1    81.532784
LBC49 25 1    80.696442
LBC49 26 1    80.624756
LBC49 27 1    79.315506
LBC49 28 1    78.960762
LBC49 29 1    83.101318
LBC49 33 1    82.582550
LBC49 34 1    83.198967
LBC49 35 1    82.083679
LBC49 24 0    1.308737
LBC49 25 0    1.260932
LBC49 26 0    1.300000
LBC49 27 0    1.268845
LBC49 28 0    1.294139
LBC49 29 0    1.257053
LBC49 33 0    1.298137
LBC49 34 0    1.309590
LBC49 35 0    1.291314
EBC34 30 1    84.042717
EBC34 31 1    80.028160
EBC34 32 1    79.859055
EBC34 35 1    81.663971
EBC34 36 1    81.005844
EBC34 37 1    79.906410
EBC34 30 0    1.294381
EBC34 31 0    1.313119
EBC34 32 0    1.309837
EBC34 35 0    1.313538
EBC34 36 0    1.315376
EBC34 37 0    1.312500
LBC17  6 1    81.537491
LBC17  7 1    82.231056
LBC17  8 1    80.708282
LBC17  6 0    1.317709
LBC17  7 0    1.290166
LBC17  8 0    1.276083
