EBC46  7 0   1.209044
LBC52  0 0   1.2800973653793335
LBC52  1 0   1.277403712272644
LBC52  2 0   1.2952793836593628
LBC52  3 0   1.2964891195297241 
LBC52  4 0   1.3046256303787231
LBC52  5 0   1.2930246591567993
LBC52  6 0   1.2752411365509033
LBC52  7 0   1.2658833265304565
LBC52  8 0   1.3012453317642212
LBC52  9 0   1.2783710956573486
LBC52  10 0   1.311410665512085
LBC52  11 0   1.3390517234802246
LBC52  12 0   1.298728108406067
LBC52  13 0   1.2546210289001465
LBC52  14 0   1.2961022853851318
LBC52  15 0   1.2783491611480713
LBC52  16 0   1.266201138496399
LBC52  17 0   1.2934640645980835
LBC52  18 1   103.50064086914062
LBC52  18 0   1.295467495918274
LBC52  19 0   1.2674906253814697
LBC52  20 0   1.2695952653884888
LBC52  21 0   1.2806576490402222
LBC52  22 0   1.2907339334487915
LBC52  23 0   1.3281344175338745
LBC52  24 0   1.3031270503997803
LBC52  25 0   1.2831367254257202
LBC52  26 0   1.2967920303344727
LBC52  27 0   1.277641773223877
LBC52  28 0   1.2802692651748657
LBC52  29 0   1.3017656803131104
LBC52  32 0   1.2735207080841064
LBC52  33 0   1.3320914506912231
LBC52  34 0   1.2999999523162842
LBC52  35 0   1.270511507987976
LBC52  36 0   1.2832473516464233
LBC52  37 0   1.298106074333191
LBC52  38 0   1.2519810199737549
LBC52  39 0   1.2747048139572144
LBC52  40 0   1.2951438426971436
LBC52  41 0   1.2931185960769653
LBC52  42 0   1.3022445440292358
LBC52  44 0   1.324169397354126
LBC52  45 0   1.3078416585922241
LBC52  46 0   1.2665808200836182
LBC52  47 0   1.305088758468628
