LBA02  0 0    1.281531
LBA02  0 1    79.092537
LBA02  1 0    1.279965
LBA02  1 1    80.956383
LBA02  2 0    1.267981
LBA02  2 1    79.504906
LBA02  3 0    1.301257
LBA02  3 1    85.330002
LBA02  4 0    1.283775
LBA02  4 1    82.723831
LBA02  5 0    1.246732
LBA02  5 1    81.328850
LBA02  6 0    1.213946
LBA02  6 1    74.936646
LBA02  7 0    1.278444
LBA02  7 1    79.711227
LBA02  8 0    1.301183
LBA02  8 1    80.385117
LBA02  9 0    1.308971
LBA02  9 1    82.208801
LBA02 10 0    1.305958
LBA02 10 1    82.787788
LBA02 11 0    1.299583
LBA02 11 1    82.207672
LBA02 12 0    1.313924
LBA02 12 1    83.191391
LBA02 13 0    1.285907
LBA02 13 1    80.532875
LBA02 14 0    1.237918
LBA02 14 1    79.946236
LBA02 15 0    1.285358
LBA02 15 1    81.372772
LBA02 16 0    1.306240
LBA02 16 1    81.895927
LBA02 17 0    1.295671
LBA02 17 1    81.146393
LBA02 18 0    1.267900
LBA02 18 1    82.727951
LBA02 19 0    1.271789
LBA02 19 1    83.930695
LBA02 20 0    1.286490
LBA02 20 1    81.138260
LBA02 21 0    1.304721
LBA02 21 1    81.853416
LBA02 22 0    1.289928
LBA02 22 1    80.904160
LBA02 23 0    1.283373
LBA02 23 1    81.876709
LBA02 24 0    1.305912
LBA02 24 1    81.444031
LBA02 25 0    1.268806
LBA02 25 1    82.223816
LBA02 26 0    1.277164
LBA02 26 1    81.068947
LBA02 27 0    1.283244
LBA02 27 1    81.325623
LBA02 28 0    1.299510
LBA02 28 1    82.228470
LBA02 29 0    1.259928
LBA02 29 1    79.512299
LBA02 30 0    1.278750
LBA02 30 1    81.839996
LBA02 31 0    1.278750
LBA02 31 1    81.839996
LBA02 32 0    1.304690
LBA02 32 1    81.540619
LBA02 33 0    1.290038
LBA02 33 1    78.949196
LBA02 34 0    1.279298
LBA02 34 1    81.782761
LBA02 35 0    1.298932
LBA02 35 1    80.829872
LBA02 36 0    1.269945
LBA02 36 1    81.266563
LBA02 37 0    1.297880
LBA02 37 1    79.276169
LBA02 38 0    1.292382
LBA02 38 1    81.327393
LBA02 39 0    1.270282
LBA02 39 1    81.589706
LBA02 40 0    1.311627
LBA02 40 1    82.350510
LBA02 41 0    1.283082
LBA02 41 1    80.510780
LBA02 42 0    1.303671
LBA02 42 1    79.915497
LBA02 43 0    1.278750
LBA02 43 1    81.839996
LBA02 44 0    1.309950
LBA02 44 1    80.940269
LBA02 45 0    1.242975
LBA02 45 1    82.563324
LBA02 46 0    1.284150
LBA02 46 1    81.601227
LBA02 47 0    1.282255
LBA02 47 1    81.513962
LBA03  0 0    1.307016
LBA03  0 1    81.776245
LBA03  1 0    1.273615
LBA03  1 1    80.984695
LBA03  2 0    1.282685
LBA03  2 1    80.350098
LBA03  3 0    1.298326
LBA03  3 1    83.180061
LBA03  4 0    1.302448
LBA03  4 1    81.659973
LBA03  5 0    1.265580
LBA03  5 1    82.232689
LBA03  6 0    1.276011
LBA03  6 1    81.030151
LBA03  7 0    1.390000
LBA03  7 1    87.419998
LBA03  8 0    1.317516
LBA03  8 1    81.782196
LBA03  9 0    1.292739
LBA03  9 1    81.275383
LBA03 10 0    1.290080
LBA03 10 1    79.475815
LBA03 11 0    1.299681
LBA03 11 1    80.316406
LBA03 12 0    1.287264
LBA03 12 1    82.542526
LBA03 13 0    1.306066
LBA03 13 1    83.216270
LBA03 14 0    1.294328
LBA03 14 1    81.385941
LBA03 15 0    1.315925
LBA03 15 1    80.669083
LBA03 16 0    1.271238
LBA03 16 1    82.892517
LBA03 17 0    1.254657
LBA03 17 1    80.822449
LBA03 18 0    1.291637
LBA03 18 1    79.395470
LBA03 19 0    1.291239
LBA03 19 1    81.603973
LBA03 20 0    1.280879
LBA03 20 1    79.427246
LBA03 21 0    1.270084
LBA03 21 1    80.969215
LBA03 22 0    1.247121
LBA03 22 1    81.452850
LBA03 23 0    1.263985
LBA03 23 1    80.881042
LBA03 24 0    1.311514
LBA03 24 1    82.346764
LBA03 25 0    1.281501
LBA03 25 1    80.516563
LBA03 26 0    1.286677
LBA03 26 1    83.453468
LBA03 27 0    1.269923
LBA03 27 1    81.153206
LBA03 28 0    1.286278
LBA03 28 1    78.595741
LBA03 29 0    1.255123
LBA03 29 1    82.516426
LBA03 30 0    1.278750
LBA03 30 1    81.839996
LBA03 31 0    1.278750
LBA03 31 1    81.839996
LBA03 32 0    1.284928
LBA03 32 1    80.455338
LBA03 33 0    1.287260
LBA03 33 1    81.630989
LBA03 34 0    1.298366
LBA03 34 1    80.775276
LBA03 35 0    1.324081
LBA03 35 1    81.212540
LBA03 36 0    1.275774
LBA03 36 1    81.694946
LBA03 37 0    1.307302
LBA03 37 1    82.303062
LBA03 38 0    1.274052
LBA03 38 1    81.488251
LBA03 39 0    1.343063
LBA03 39 1    82.394424
LBA03 40 0    1.283023
LBA03 40 1    81.076683
LBA03 41 0    1.289290
LBA03 41 1    80.525620
LBA03 42 0    1.277577
LBA03 42 1    83.827286
LBA03 43 0    1.278750
LBA03 43 1    81.839996
LBA03 44 0    1.314401
LBA03 44 1    80.933083
LBA03 45 0    1.281246
LBA03 45 1    82.018845
LBA03 46 0    1.264442
LBA03 46 1    80.469872
LBA03 47 0    1.245699
LBA03 47 1    81.159973
LBA06  0 0    1.283652
LBA06  0 1    78.287819
LBA06  1 0    1.282646
LBA06  1 1    81.415337
LBA06  2 0    1.275962
LBA06  2 1    81.909325
LBA06  3 0    1.272708
LBA06  3 1    81.661011
LBA06  4 0    1.278424
LBA06  4 1    81.104881
LBA06  5 0    1.299709
LBA06  5 1    82.135674
LBA06  6 0    1.254011
LBA06  6 1    81.153145
LBA06  7 0    1.284248
LBA06  7 1    81.981384
LBA06  8 0    1.301913
LBA06  8 1    83.322479
LBA06  9 0    1.298928
LBA06  9 1    80.964661
LBA06 10 0    1.297842
LBA06 10 1    79.760590
LBA06 11 0    1.299668
LBA06 11 1    81.635483
LBA06 12 0    1.326759
LBA06 12 1    79.950661
LBA06 13 0    1.296467
LBA06 13 1    80.927238
LBA06 14 0    1.303306
LBA06 14 1    81.039581
LBA06 15 0    1.330447
LBA06 15 1    79.049614
LBA06 16 0    1.309296
LBA06 16 1    82.454102
LBA06 17 0    1.304178
LBA06 17 1    81.517143
LBA06 18 0    1.293816
LBA06 18 1    81.754349
LBA06 19 0    1.283166
LBA06 19 1    81.638260
LBA06 20 0    1.277730
LBA06 20 1    81.431328
LBA06 21 0    1.299907
LBA06 21 1    81.588814
LBA06 22 0    1.284378
LBA06 22 1    79.577515
LBA06 23 0    1.310816
LBA06 23 1    81.724495
LBA06 24 0    1.259652
LBA06 24 1    80.627022
LBA06 25 0    1.296793
LBA06 25 1    81.577805
LBA06 26 0    1.269479
LBA06 26 1    81.994476
LBA06 27 0    1.269563
LBA06 27 1    81.597137
LBA06 28 0    1.310219
LBA06 28 1    81.695992
LBA06 29 0    1.293839
LBA06 29 1    80.821251
LBA06 30 0    1.278750
LBA06 30 1    81.839996
LBA06 31 0    1.278750
LBA06 31 1    81.839996
LBA06 32 0    1.299141
LBA06 32 1    80.527351
LBA06 33 0    1.284427
LBA06 33 1    81.350609
LBA06 34 0    1.287745
LBA06 34 1    79.855598
LBA06 35 0    1.279662
LBA06 35 1    81.031975
LBA06 36 0    1.275401
LBA06 36 1    81.052544
LBA06 37 0    1.308414
LBA06 37 1    82.718506
LBA06 38 0    1.290000
LBA06 38 1    81.407402
LBA06 39 0    1.301288
LBA06 39 1    80.530640
LBA06 40 0    1.294352
LBA06 40 1    73.644348
LBA06 41 0    1.308234
LBA06 41 1    78.733742
LBA06 42 0    1.256221
LBA06 42 1    79.368103
LBA06 43 0    1.278750
LBA06 43 1    81.839996
LBA06 44 0    1.283657
LBA06 44 1    80.119759
LBA06 45 0    1.303915
LBA06 45 1    80.500000
LBA06 46 0    1.289960
LBA06 46 1    80.480705
LBA06 47 0    1.301981
LBA06 47 1    81.083023
LBA35  0 0    1.307859
LBA35  0 1    83.020981
LBA35  1 0    1.312376
LBA35  1 1    83.034302
LBA35  2 0    1.276188
LBA35  2 1    80.899338
LBA35  3 0    1.283264
LBA35  3 1    81.147957
LBA35  4 0    1.277387
LBA35  4 1    80.478714
LBA35  5 0    1.276611
LBA35  5 1    81.329941
LBA35  6 0    1.282982
LBA35  6 1    77.694069
LBA35  7 0    1.301525
LBA35  7 1    81.376854
LBA35  8 0    1.314202
LBA35  8 1    78.138283
LBA35  9 0    1.309751
LBA35  9 1    81.984627
LBA35 10 0    1.293580
LBA35 10 1    81.016609
LBA35 11 0    1.296107
LBA35 11 1    82.480125
LBA35 12 0    1.276263
LBA35 12 1    81.489708
LBA35 13 0    1.324424
LBA35 13 1    80.808800
LBA35 14 0    1.304187
LBA35 14 1    81.427315
LBA35 15 0    1.264302
LBA35 15 1    80.956039
LBA35 16 0    1.307174
LBA35 16 1    83.488808
LBA35 17 0    1.246779
LBA35 17 1    79.893372
LBA35 18 0    1.299073
LBA35 18 1    82.591270
LBA35 19 0    1.279172
LBA35 19 1    80.357697
LBA35 20 0    1.310636
LBA35 20 1    81.424774
LBA35 21 0    1.328985
LBA35 21 1    79.159828
LBA35 22 0    1.278533
LBA35 22 1    78.770561
LBA35 23 0    1.319725
LBA35 23 1    80.767609
LBA35 24 0    1.292244
LBA35 24 1    80.221237
LBA35 25 0    1.232572
LBA35 25 1    81.314301
LBA35 26 0    1.297897
LBA35 26 1    81.788170
LBA35 27 0    1.335507
LBA35 27 1    80.960503
LBA35 28 0    1.288940
LBA35 28 1    77.385284
LBA35 29 0    1.303676
LBA35 29 1    81.573303
LBA35 30 0    1.278750
LBA35 30 1    81.839996
LBA35 31 0    1.278750
LBA35 31 1    81.839996
LBA35 32 0    1.289958
LBA35 32 1    79.386566
LBA35 33 0    1.277708
LBA35 33 1    82.153664
LBA35 34 0    1.301264
LBA35 34 1    81.726723
LBA35 35 0    1.288111
LBA35 35 1    79.485672
LBA35 36 0    1.295247
LBA35 36 1    81.788673
LBA35 37 0    1.293606
LBA35 37 1    80.941315
LBA35 38 0    1.273267
LBA35 38 1    82.269295
LBA35 39 0    1.281039
LBA35 39 1    81.738693
LBA35 40 0    1.304642
LBA35 40 1    80.114052
LBA35 41 0    1.304004
LBA35 41 1    81.955254
LBA35 42 0    1.306912
LBA35 42 1    81.602829
LBA35 43 0    1.278750
LBA35 43 1    81.839996
LBA35 44 0    1.263820
LBA35 44 1    80.113342
LBA35 45 0    1.284269
LBA35 45 1    81.780251
LBA35 46 0    1.290317
LBA35 46 1    83.229355
LBA35 47 0    1.288768
LBA35 47 1    83.397049
LBA37  0 0    1.308874
LBA37  0 1    81.409790
LBA37  1 0    1.321152
LBA37  1 1    81.139183
LBA37  2 0    1.290495
LBA37  2 1    81.195877
LBA37  3 0    1.307770
LBA37  3 1    79.264374
LBA37  4 0    1.299366
LBA37  4 1    81.610863
LBA37  5 0    1.289561
LBA37  5 1    82.969421
LBA37  6 0    1.310271
LBA37  6 1    82.379601
LBA37  7 0    1.272725
LBA37  7 1    81.417404
LBA37  8 0    1.299289
LBA37  8 1    81.951622
LBA37  9 0    1.294920
LBA37  9 1    80.067657
LBA37 10 0    1.283770
LBA37 10 1    81.294319
LBA37 11 0    1.265006
LBA37 11 1    80.188751
LBA37 12 0    1.295781
LBA37 12 1    81.809013
LBA37 13 0    1.296841
LBA37 13 1    79.114922
LBA37 14 0    1.318903
LBA37 14 1    81.767143
LBA37 15 0    1.296701
LBA37 15 1    82.413284
LBA37 16 0    1.302753
LBA37 16 1    81.068275
LBA37 17 0    1.290145
LBA37 17 1    79.794189
LBA37 18 0    1.313206
LBA37 18 1    81.573372
LBA37 19 0    1.290000
LBA37 19 1    40.930000
LBA37 20 0    1.286897
LBA37 20 1    81.790001
LBA37 21 0    1.300000
LBA37 21 1    76.479057
LBA37 22 0    1.270000
LBA37 22 1    81.080002
LBA37 23 0    1.293430
LBA37 23 1    80.809998
LBA37 24 0    1.277391
LBA37 24 1    81.147530
LBA37 25 0    1.304344
LBA37 25 1    80.170082
LBA37 26 0    1.283981
LBA37 26 1    81.179581
LBA37 27 0    1.277972
LBA37 27 1    81.866417
LBA37 28 0    1.309950
LBA37 28 1    82.967545
LBA37 29 0    1.287691
LBA37 29 1    82.621826
LBA37 30 0    1.278750
LBA37 30 1    81.839996
LBA37 31 0    1.278750
LBA37 31 1    81.839996
LBA37 32 0    1.310083
LBA37 32 1    78.831863
LBA37 33 0    1.312571
LBA37 33 1    81.935349
LBA37 34 0    1.301496
LBA37 34 1    79.742157
LBA37 35 0    1.265419
LBA37 35 1    80.624847
LBA37 36 0    1.293701
LBA37 36 1    81.233086
LBA37 37 0    1.312407
LBA37 37 1    82.947807
LBA37 38 0    1.314232
LBA37 38 1    81.388031
LBA37 39 0    1.303499
LBA37 39 1    81.387558
LBA37 40 0    1.232525
LBA37 40 1    81.501312
LBA37 41 0    1.314953
LBA37 41 1    80.731628
LBA37 42 0    1.272545
LBA37 42 1    81.330177
LBA37 43 0    1.278750
LBA37 43 1    81.839996
LBA37 44 0    1.284429
LBA37 44 1    80.687614
LBA37 45 0    1.302537
LBA37 45 1    80.946945
LBA37 46 0    1.300836
LBA37 46 1    81.780319
LBA37 47 0    1.313117
LBA37 47 1    80.975990
LBA45  0 0    1.278905
LBA45  0 1    79.583862
LBA45  1 0    1.284225
LBA45  1 1    81.614113
LBA45  2 0    1.301782
LBA45  2 1    80.696518
LBA45  3 0    1.255865
LBA45  3 1    81.599304
LBA45  4 0    1.305525
LBA45  4 1    81.483459
LBA45  5 0    1.295049
LBA45  5 1    81.593323
LBA45  6 0    1.313526
LBA45  6 1    76.656670
LBA45  7 0    1.265479
LBA45  7 1    82.506142
LBA45  8 0    1.305592
LBA45  8 1    83.264610
LBA45  9 0    1.296585
LBA45  9 1    79.344017
LBA45 10 0    1.288693
LBA45 10 1    78.780098
LBA45 11 0    1.267592
LBA45 11 1    81.541901
LBA45 12 0    1.295300
LBA45 12 1    80.311531
LBA45 13 0    1.302151
LBA45 13 1    80.353249
LBA45 14 0    1.269586
LBA45 14 1    81.771721
LBA45 15 0    1.268109
LBA45 15 1    80.565834
LBA45 16 0    1.307310
LBA45 16 1    79.886009
LBA45 17 0    1.289857
LBA45 17 1    79.529922
LBA45 18 0    1.316744
LBA45 18 1    80.390846
LBA45 19 0    1.243040
LBA45 19 1    82.098572
LBA45 20 0    1.278796
LBA45 20 1    79.057594
LBA45 21 0    1.300720
LBA45 21 1    82.905083
LBA45 22 0    1.290863
LBA45 22 1    81.698616
LBA45 23 0    1.289392
LBA45 23 1    82.806366
LBA45 24 0    1.280785
LBA45 24 1    82.240517
LBA45 25 0    1.306952
LBA45 25 1    81.274010
LBA45 26 0    1.289172
LBA45 26 1    83.722733
LBA45 27 0    1.300693
LBA45 27 1    81.451340
LBA45 28 0    1.322372
LBA45 28 1    82.132393
LBA45 29 0    1.283484
LBA45 29 1    81.625572
LBA45 30 0    1.278750
LBA45 30 1    81.839996
LBA45 31 0    1.278750
LBA45 31 1    81.839996
LBA45 32 0    1.289875
LBA45 32 1    79.032455
LBA45 33 0    1.280813
LBA45 33 1    79.662209
LBA45 34 0    1.302044
LBA45 34 1    82.241386
LBA45 35 0    1.277386
LBA45 35 1    81.110191
LBA45 36 0    1.283176
LBA45 36 1    81.943680
LBA45 37 0    1.295965
LBA45 37 1    81.973450
LBA45 38 0    1.298884
LBA45 38 1    80.204445
LBA45 39 0    1.285043
LBA45 39 1    81.055695
LBA45 40 0    1.296933
LBA45 40 1    81.366661
LBA45 41 0    1.295897
LBA45 41 1    81.407661
LBA45 42 0    1.311976
LBA45 42 1    81.943153
LBA45 43 0    1.278750
LBA45 43 1    81.839996
LBA45 44 0    1.305656
LBA45 44 1    81.961288
LBA45 45 0    1.307107
LBA45 45 1    81.412865
LBA45 46 0    1.284646
LBA45 46 1    81.316902
LBA45 47 0    1.290381
LBA45 47 1    81.443504
LBA51  0 0    1.301982
LBA51  0 1    81.604340
LBA51  1 0    1.264617
LBA51  1 1    81.154572
LBA51  2 0    1.288219
LBA51  2 1    78.951027
LBA51  3 0    1.232109
LBA51  3 1    80.774757
LBA51  4 0    1.307194
LBA51  4 1    83.345863
LBA51  5 0    1.303996
LBA51  5 1    78.984734
LBA51  6 0    1.285320
LBA51  6 1    79.354599
LBA51  7 0    1.255278
LBA51  7 1    83.420082
LBA51  8 0    1.280442
LBA51  8 1    82.153435
LBA51  9 0    1.267570
LBA51  9 1    81.007263
LBA51 10 0    1.286746
LBA51 10 1    78.554962
LBA51 11 0    1.250000
LBA51 11 1    77.870003
LBA51 12 0    1.270037
LBA51 12 1    77.374489
LBA51 13 0    1.303250
LBA51 13 1    79.993797
LBA51 14 0    1.324523
LBA51 14 1    80.946701
LBA51 15 0    1.286343
LBA51 15 1    81.467682
LBA51 16 0    1.274249
LBA51 16 1    80.452362
LBA51 17 0    1.326802
LBA51 17 1    82.477966
LBA51 18 0    1.288593
LBA51 18 1    79.108833
LBA51 19 0    1.253249
LBA51 19 1    79.949005
LBA51 20 0    1.254780
LBA51 20 1    82.065071
LBA51 21 0    1.281129
LBA51 21 1    80.669312
LBA51 22 0    1.333407
LBA51 22 1    81.211502
LBA51 23 0    1.281922
LBA51 23 1    81.237511
LBA51 24 0    1.305142
LBA51 24 1    80.473122
LBA51 25 0    1.287959
LBA51 25 1    80.379669
LBA51 26 0    1.272144
LBA51 26 1    81.150558
LBA51 27 0    1.306806
LBA51 27 1    80.849045
LBA51 28 0    1.274604
LBA51 28 1    80.614105
LBA51 29 0    1.296359
LBA51 29 1    81.750328
LBA51 30 0    1.278750
LBA51 30 1    81.839996
LBA51 31 0    1.278750
LBA51 31 1    81.839996
LBA51 32 0    1.285431
LBA51 32 1    80.060669
LBA51 33 0    1.276111
LBA51 33 1    80.887901
LBA51 34 0    1.325916
LBA51 34 1    80.695457
LBA51 35 0    1.265628
LBA51 35 1    81.504395
LBA51 36 0    1.294132
LBA51 36 1    79.924789
LBA51 37 0    1.302538
LBA51 37 1    81.009171
LBA51 38 0    1.291757
LBA51 38 1    82.508865
LBA51 39 0    1.266870
LBA51 39 1    80.842255
LBA51 40 0    1.282432
LBA51 40 1    84.212311
LBA51 41 0    1.303828
LBA51 41 1    79.229179
LBA51 42 0    1.260273
LBA51 42 1    80.751183
LBA51 43 0    1.278750
LBA51 43 1    81.839996
LBA51 44 0    1.296341
LBA51 44 1    81.192383
LBA51 45 0    1.290602
LBA51 45 1    82.352203
LBA51 46 0    1.296023
LBA51 46 1    80.712738
LBA51 47 0    1.232504
LBA51 47 1    82.072762
LBA52  0 0    1.275023
LBA52  0 1    79.307816
LBA52  1 0    1.251560
LBA52  1 1    81.748055
LBA52  2 0    1.276793
LBA52  2 1    81.159256
LBA52  3 0    1.267295
LBA52  3 1    81.996376
LBA52  4 0    1.301703
LBA52  4 1    82.899628
LBA52  5 0    1.240600
LBA52  5 1    80.521538
LBA52  6 0    1.307266
LBA52  6 1    81.279816
LBA52  7 0    1.293931
LBA52  7 1    81.510078
LBA52  8 0    1.297855
LBA52  8 1    79.017738
LBA52  9 0    1.304606
LBA52  9 1    78.925644
LBA52 10 0    1.271959
LBA52 10 1    78.364174
LBA52 11 0    1.290288
LBA52 11 1    82.619759
LBA52 12 0    1.288636
LBA52 12 1    81.018631
LBA52 13 0    1.304287
LBA52 13 1    81.367363
LBA52 14 0    1.328957
LBA52 14 1    81.434311
LBA52 15 0    1.289677
LBA52 15 1    82.739273
LBA52 16 0    1.301057
LBA52 16 1    84.548233
LBA52 17 0    1.300678
LBA52 17 1    80.137817
LBA52 18 0    1.301697
LBA52 18 1    80.832687
LBA52 19 0    1.295042
LBA52 19 1    80.388443
LBA52 20 0    1.278376
LBA52 20 1    82.711311
LBA52 21 0    1.309759
LBA52 21 1    82.928360
LBA52 22 0    1.317595
LBA52 22 1    80.694077
LBA52 23 0    1.316878
LBA52 23 1    82.532555
LBA52 24 0    1.280494
LBA52 24 1    80.309395
LBA52 25 0    1.294105
LBA52 25 1    81.572014
LBA52 26 0    1.289698
LBA52 26 1    80.455307
LBA52 27 0    1.293739
LBA52 27 1    81.346336
LBA52 28 0    1.275107
LBA52 28 1    80.794815
LBA52 29 0    1.275348
LBA52 29 1    79.838959
LBA52 30 0    1.278750
LBA52 30 1    81.839996
LBA52 31 0    1.278750
LBA52 31 1    81.839996
LBA52 32 0    1.303668
LBA52 32 1    81.758972
LBA52 33 0    1.285691
LBA52 33 1    81.012405
LBA52 34 0    1.289923
LBA52 34 1    80.327415
LBA52 35 0    1.279738
LBA52 35 1    81.438240
LBA52 36 0    1.270000
LBA52 36 1    81.190002
LBA52 37 0    1.280454
LBA52 37 1    80.640091
LBA52 38 0    1.297443
LBA52 38 1    80.342407
LBA52 39 0    1.294299
LBA52 39 1    81.384918
LBA52 40 0    1.268603
LBA52 40 1    81.066391
LBA52 41 0    1.289541
LBA52 41 1    83.566582
LBA52 42 0    1.287506
LBA52 42 1    81.009636
LBA52 43 0    1.278750
LBA52 43 1    81.839996
LBA52 44 0    1.265919
LBA52 44 1    81.619179
LBA52 45 0    1.290256
LBA52 45 1    81.634880
LBA52 46 0    1.303437
LBA52 46 1    82.536942
LBA52 47 0    1.285397
LBA52 47 1    81.215660
LBA64  0 0    1.301920
LBA64  0 1    83.533195
LBA64  1 0    1.295196
LBA64  1 1    81.869194
LBA64  2 0    1.297375
LBA64  2 1    80.072433
LBA64  3 0    1.287095
LBA64  3 1    81.975243
LBA64  4 0    1.290157
LBA64  4 1    83.234840
LBA64  5 0    1.283472
LBA64  5 1    79.046349
LBA64  6 0    1.279672
LBA64  6 1    80.902245
LBA64  7 0    1.337088
LBA64  7 1    80.191116
LBA64  8 0    1.269861
LBA64  8 1    79.470535
LBA64  9 0    1.278320
LBA64  9 1    80.117722
LBA64 10 0    1.271994
LBA64 10 1    78.301338
LBA64 11 0    1.293416
LBA64 11 1    81.389877
LBA64 12 0    1.297799
LBA64 12 1    82.562645
LBA64 13 0    1.294456
LBA64 13 1    81.188629
LBA64 14 0    1.340549
LBA64 14 1    81.120445
LBA64 15 0    1.249153
LBA64 15 1    79.097733
LBA64 16 0    1.286843
LBA64 16 1    81.808800
LBA64 17 0    1.295334
LBA64 17 1    81.155930
LBA64 18 0    1.325925
LBA64 18 1    81.342987
LBA64 19 0    1.305701
LBA64 19 1    81.369171
LBA64 20 0    1.291598
LBA64 20 1    81.047264
LBA64 21 0    1.316172
LBA64 21 1    81.056358
LBA64 22 0    1.316951
LBA64 22 1    80.280991
LBA64 23 0    1.324043
LBA64 23 1    81.946663
LBA64 24 0    1.312409
LBA64 24 1    81.967529
LBA64 25 0    1.291166
LBA64 25 1    83.108528
LBA64 26 0    1.254613
LBA64 26 1    82.211639
LBA64 27 0    1.324925
LBA64 27 1    81.483208
LBA64 28 0    1.253042
LBA64 28 1    82.407227
LBA64 29 0    1.275088
LBA64 29 1    73.565201
LBA64 30 0    1.278750
LBA64 30 1    81.839996
LBA64 31 0    1.278750
LBA64 31 1    81.839996
LBA64 32 0    1.290315
LBA64 32 1    80.828217
LBA64 33 0    1.241625
LBA64 33 1    80.680229
LBA64 34 0    1.338056
LBA64 34 1    80.598930
LBA64 35 0    1.267508
LBA64 35 1    81.116463
LBA64 36 0    1.281853
LBA64 36 1    81.083992
LBA64 37 0    1.328334
LBA64 37 1    80.364685
LBA64 38 0    1.336359
LBA64 38 1    82.735130
LBA64 39 0    1.307625
LBA64 39 1    81.201256
LBA64 40 0    1.287286
LBA64 40 1    82.590202
LBA64 41 0    1.307135
LBA64 41 1    81.260849
LBA64 42 0    1.305039
LBA64 42 1    80.773323
LBA64 43 0    1.278750
LBA64 43 1    81.839996
LBA64 44 0    1.301012
LBA64 44 1    81.407349
LBA64 45 0    1.256920
LBA64 45 1    79.183075
LBA64 46 0    1.320502
LBA64 46 1    82.102936
LBA64 47 0    1.295511
LBA64 47 1    82.439896
LBC01  0 0    1.278871
LBC01  0 1    80.979271
LBC01  1 0    1.285836
LBC01  1 1    82.730690
LBC01  2 0    1.285402
LBC01  2 1    81.844849
LBC01  3 0    1.330124
LBC01  3 1    81.747025
LBC01  4 0    1.280399
LBC01  4 1    79.930382
LBC01  5 0    1.306472
LBC01  5 1    81.537048
LBC01  6 0    1.271582
LBC01  6 1    80.427673
LBC01  7 0    1.295688
LBC01  7 1    81.734833
LBC01  8 0    1.309960
LBC01  8 1    82.764931
LBC01  9 0    1.268975
LBC01  9 1    79.707344
LBC01 10 0    1.257965
LBC01 10 1    82.111298
LBC01 11 0    1.310964
LBC01 11 1    82.052612
LBC01 12 0    1.296166
LBC01 12 1    82.641502
LBC01 13 0    1.290283
LBC01 13 1    83.991852
LBC01 14 0    1.257090
LBC01 14 1    79.902008
LBC01 15 0    1.286388
LBC01 15 1    79.265923
LBC01 16 0    1.300184
LBC01 16 1    80.886497
LBC01 17 0    1.274748
LBC01 17 1    79.732483
LBC01 18 0    1.281583
LBC01 18 1    81.701958
LBC01 19 0    1.311736
LBC01 19 1    80.963104
LBC01 20 0    1.248257
LBC01 20 1    81.577347
LBC01 21 0    1.237679
LBC01 21 1    80.974800
LBC01 22 0    1.308577
LBC01 22 1    80.747147
LBC01 23 0    1.282343
LBC01 23 1    80.635254
LBC01 24 0    1.240186
LBC01 24 1    81.110916
LBC01 25 0    1.279577
LBC01 25 1    74.416031
LBC01 26 0    1.282265
LBC01 26 1    79.687508
LBC01 27 0    1.268152
LBC01 27 1    80.876968
LBC01 28 0    1.284420
LBC01 28 1    80.636337
LBC01 29 0    1.302269
LBC01 29 1    81.152443
LBC01 30 0    1.278750
LBC01 30 1    81.839996
LBC01 31 0    1.278750
LBC01 31 1    81.839996
LBC01 32 0    1.272149
LBC01 32 1    80.020218
LBC01 33 0    1.304590
LBC01 33 1    82.020126
LBC01 34 0    1.299442
LBC01 34 1    84.050201
LBC01 35 0    1.275279
LBC01 35 1    81.818832
LBC01 36 0    1.287928
LBC01 36 1    81.288475
LBC01 37 0    1.304850
LBC01 37 1    82.322273
LBC01 38 0    1.316579
LBC01 38 1    78.589478
LBC01 39 0    1.299220
LBC01 39 1    82.719078
LBC01 40 0    1.306681
LBC01 40 1    81.835098
LBC01 41 0    1.309194
LBC01 41 1    84.366959
LBC01 42 0    1.287136
LBC01 42 1    80.884933
LBC01 43 0    1.278750
LBC01 43 1    81.839996
LBC01 44 0    1.328412
LBC01 44 1    81.620865
LBC01 45 0    1.303347
LBC01 45 1    83.930817
LBC01 46 0    1.291217
LBC01 46 1    82.015068
LBC01 47 0    1.284835
LBC01 47 1    80.168770
LBC03  0 0    1.305886
LBC03  0 1    81.057533
LBC03  1 0    1.294130
LBC03  1 1    78.977905
LBC03  2 0    1.306234
LBC03  2 1    80.992706
LBC03  3 0    1.299491
LBC03  3 1    82.146294
LBC03  4 0    1.294205
LBC03  4 1    80.742767
LBC03  5 0    1.286347
LBC03  5 1    80.787521
LBC03  6 0    1.272442
LBC03  6 1    80.118935
LBC03  7 0    1.277401
LBC03  7 1    83.172806
LBC03  8 0    1.266316
LBC03  8 1    81.263229
LBC03  9 0    1.293332
LBC03  9 1    81.182869
LBC03 10 0    1.276612
LBC03 10 1    80.618149
LBC03 11 0    1.279088
LBC03 11 1    78.429092
LBC03 12 0    1.297127
LBC03 12 1    80.799637
LBC03 13 0    1.309176
LBC03 13 1    81.263504
LBC03 14 0    1.279669
LBC03 14 1    82.907562
LBC03 15 0    1.288807
LBC03 15 1    81.181587
LBC03 16 0    1.292301
LBC03 16 1    81.284500
LBC03 17 0    1.282915
LBC03 17 1    81.585800
LBC03 18 0    1.274198
LBC03 18 1    79.525269
LBC03 19 0    1.310940
LBC03 19 1    81.476143
LBC03 20 0    1.284629
LBC03 20 1    81.884590
LBC03 21 0    1.287692
LBC03 21 1    79.375862
LBC03 22 0    1.277913
LBC03 22 1    79.917938
LBC03 23 0    1.277029
LBC03 23 1    80.522720
LBC03 24 0    1.256774
LBC03 24 1    80.720009
LBC03 25 0    1.260384
LBC03 25 1    81.376869
LBC03 26 0    1.285707
LBC03 26 1    78.848167
LBC03 27 0    1.284902
LBC03 27 1    81.537117
LBC03 28 0    1.287209
LBC03 28 1    80.910118
LBC03 29 0    1.266936
LBC03 29 1    80.287437
LBC03 30 0    1.278750
LBC03 30 1    81.839996
LBC03 31 0    1.278750
LBC03 31 1    81.839996
LBC03 32 0    1.310000
LBC03 32 1    80.300003
LBC03 33 0    1.315690
LBC03 33 1    81.993996
LBC03 34 0    1.254362
LBC03 34 1    81.498978
LBC03 35 0    1.305712
LBC03 35 1    80.493866
LBC03 36 0    1.294281
LBC03 36 1    80.761200
LBC03 37 0    1.240178
LBC03 37 1    81.680618
LBC03 38 0    1.274885
LBC03 38 1    80.465134
LBC03 39 0    1.283996
LBC03 39 1    80.867790
LBC03 40 0    1.321711
LBC03 40 1    79.492722
LBC03 41 0    1.294276
LBC03 41 1    82.446739
LBC03 42 0    1.273649
LBC03 42 1    81.455940
LBC03 43 0    1.278750
LBC03 43 1    81.839996
LBC03 44 0    1.296378
LBC03 44 1    81.222206
LBC03 45 0    1.276984
LBC03 45 1    81.849518
LBC03 46 0    1.331566
LBC03 46 1    82.501526
LBC03 47 0    1.302780
LBC03 47 1    81.675400
LBC10  0 0    1.285294
LBC10  0 1    81.091164
LBC10  1 0    1.302857
LBC10  1 1    80.187065
LBC10  2 0    1.323432
LBC10  2 1    81.326599
LBC10  3 0    1.300692
LBC10  3 1    79.348381
LBC10  4 0    1.302016
LBC10  4 1    80.840279
LBC10  5 0    1.311143
LBC10  5 1    81.578331
LBC10  6 0    1.281042
LBC10  6 1    83.697815
LBC10  7 0    1.295509
LBC10  7 1    84.478668
LBC10  8 0    1.326412
LBC10  8 1    83.302834
LBC10  9 0    1.283039
LBC10  9 1    82.306076
LBC10 10 0    1.298778
LBC10 10 1    83.246513
LBC10 11 0    1.265258
LBC10 11 1    81.050056
LBC10 12 0    1.284096
LBC10 12 1    80.394386
LBC10 13 0    1.304304
LBC10 13 1    81.942528
LBC10 14 0    1.296650
LBC10 14 1    81.001282
LBC10 15 0    1.263236
LBC10 15 1    82.730865
LBC10 16 0    1.284176
LBC10 16 1    83.740387
LBC10 17 0    1.266003
LBC10 17 1    81.319931
LBC10 18 0    1.275000
LBC10 18 1    80.266441
LBC10 19 0    1.336172
LBC10 19 1    79.798927
LBC10 20 0    1.262555
LBC10 20 1    79.730751
LBC10 21 0    1.319795
LBC10 21 1    81.611214
LBC10 22 0    1.313890
LBC10 22 1    79.680794
LBC10 23 0    1.288307
LBC10 23 1    81.227303
LBC10 24 0    1.299659
LBC10 24 1    81.220505
LBC10 25 0    1.302768
LBC10 25 1    82.169899
LBC10 26 0    1.255302
LBC10 26 1    84.141136
LBC10 27 0    1.271885
LBC10 27 1    82.082634
LBC10 28 0    1.284763
LBC10 28 1    82.015831
LBC10 29 0    1.339578
LBC10 29 1    81.719925
LBC10 30 0    1.278750
LBC10 30 1    81.839996
LBC10 31 0    1.278750
LBC10 31 1    81.839996
LBC10 32 0    1.296505
LBC10 32 1    82.114952
LBC10 33 0    1.317102
LBC10 33 1    81.074997
LBC10 34 0    1.303002
LBC10 34 1    80.417473
LBC10 35 0    1.309109
LBC10 35 1    82.316795
LBC10 36 0    1.283483
LBC10 36 1    81.994957
LBC10 37 0    1.284376
LBC10 37 1    79.664322
LBC10 38 0    1.319711
LBC10 38 1    81.783241
LBC10 39 0    1.298928
LBC10 39 1    81.045609
LBC10 40 0    1.293027
LBC10 40 1    82.335945
LBC10 41 0    1.298833
LBC10 41 1    83.483749
LBC10 42 0    1.307328
LBC10 42 1    80.379745
LBC10 43 0    1.278750
LBC10 43 1    81.839996
LBC10 44 0    1.278809
LBC10 44 1    81.305244
LBC10 45 0    1.270116
LBC10 45 1    81.434532
LBC10 46 0    1.256859
LBC10 46 1    81.734215
LBC10 47 0    1.304133
LBC10 47 1    83.191788
LBC13  0 0    1.284714
LBC13  0 1    81.544273
LBC13  1 0    1.293655
LBC13  1 1    81.849861
LBC13  2 0    1.283281
LBC13  2 1    81.447174
LBC13  3 0    1.276259
LBC13  3 1    81.622063
LBC13  4 0    1.300956
LBC13  4 1    78.095711
LBC13  5 0    1.275786
LBC13  5 1    82.062408
LBC13  6 0    1.255748
LBC13  6 1    80.851959
LBC13  7 0    1.283468
LBC13  7 1    80.167023
LBC13  8 0    1.334010
LBC13  8 1    79.525169
LBC13  9 0    1.277683
LBC13  9 1    81.165710
LBC13 10 0    1.301879
LBC13 10 1    81.972374
LBC13 11 0    1.313968
LBC13 11 1    82.569107
LBC13 12 0    1.304121
LBC13 12 1    81.530380
LBC13 13 0    1.320602
LBC13 13 1    81.919937
LBC13 14 0    1.309641
LBC13 14 1    81.929321
LBC13 15 0    1.264608
LBC13 15 1    79.599998
LBC13 16 0    1.303740
LBC13 16 1    80.903442
LBC13 17 0    1.281703
LBC13 17 1    81.932976
LBC13 18 0    1.260000
LBC13 18 1    80.089996
LBC13 19 0    1.310385
LBC13 19 1    80.900002
LBC13 20 0    1.280000
LBC13 20 1    80.458099
LBC13 21 0    1.280000
LBC13 21 1    78.480003
LBC13 22 0    1.298904
LBC13 22 1    81.839996
LBC13 23 0    1.250000
LBC13 23 1    79.910004
LBC13 24 0    1.297021
LBC13 24 1    80.956345
LBC13 25 0    1.304421
LBC13 25 1    80.749184
LBC13 26 0    1.286472
LBC13 26 1    82.120392
LBC13 27 0    1.269270
LBC13 27 1    81.655121
LBC13 28 0    1.306805
LBC13 28 1    81.135475
LBC13 29 0    1.300220
LBC13 29 1    80.863029
LBC13 30 0    1.278750
LBC13 30 1    81.839996
LBC13 31 0    1.278750
LBC13 31 1    81.839996
LBC13 32 0    1.277066
LBC13 32 1    80.523613
LBC13 33 0    1.282362
LBC13 33 1    80.975792
LBC13 34 0    1.294498
LBC13 34 1    82.129662
LBC13 35 0    1.310718
LBC13 35 1    82.975281
LBC13 36 0    1.309381
LBC13 36 1    83.008484
LBC13 37 0    1.289145
LBC13 37 1    82.604195
LBC13 38 0    1.304532
LBC13 38 1    81.843956
LBC13 39 0    1.303448
LBC13 39 1    82.522995
LBC13 40 0    1.278353
LBC13 40 1    79.774231
LBC13 41 0    1.293065
LBC13 41 1    80.442108
LBC13 42 0    1.283924
LBC13 42 1    81.773590
LBC13 43 0    1.278750
LBC13 43 1    81.839996
LBC13 44 0    1.260332
LBC13 44 1    79.704483
LBC13 45 0    1.297805
LBC13 45 1    82.863808
LBC13 46 0    1.273808
LBC13 46 1    82.096924
LBC13 47 0    1.297903
LBC13 47 1    80.993637
LBC16  0 0    1.292091
LBC16  0 1    78.232048
LBC16  1 0    1.281708
LBC16  1 1    80.710632
LBC16  2 0    1.244800
LBC16  2 1    81.818558
LBC16  3 0    1.312093
LBC16  3 1    82.265350
LBC16  4 0    1.280064
LBC16  4 1    80.429123
LBC16  5 0    1.346604
LBC16  5 1    83.527809
LBC16  6 0    1.291981
LBC16  6 1    81.242928
LBC16  7 0    1.291136
LBC16  7 1    80.346245
LBC16  8 0    1.273461
LBC16  8 1    80.610832
LBC16  9 0    1.286175
LBC16  9 1    82.547379
LBC16 10 0    1.267042
LBC16 10 1    80.301750
LBC16 11 0    1.269121
LBC16 11 1    80.088966
LBC16 12 0    1.250293
LBC16 12 1    80.072044
LBC16 13 0    1.299203
LBC16 13 1    81.424377
LBC16 14 0    1.311029
LBC16 14 1    80.006371
LBC16 15 0    1.285954
LBC16 15 1    80.302216
LBC16 16 0    1.272568
LBC16 16 1    83.963699
LBC16 17 0    1.271744
LBC16 17 1    79.781052
LBC16 18 0    1.274204
LBC16 18 1    80.426682
LBC16 19 0    1.278724
LBC16 19 1    83.883705
LBC16 20 0    1.259391
LBC16 20 1    81.063217
LBC16 21 0    1.243462
LBC16 21 1    80.866249
LBC16 22 0    1.313315
LBC16 22 1    80.673676
LBC16 23 0    1.268390
LBC16 23 1    79.746399
LBC16 24 0    1.275919
LBC16 24 1    82.155022
LBC16 25 0    1.290535
LBC16 25 1    79.185654
LBC16 26 0    1.315383
LBC16 26 1    79.693314
LBC16 27 0    1.308656
LBC16 27 1    82.506378
LBC16 28 0    1.336827
LBC16 28 1    82.071053
LBC16 29 0    1.284362
LBC16 29 1    74.234512
LBC16 30 0    1.278750
LBC16 30 1    81.839996
LBC16 31 0    1.278750
LBC16 31 1    81.839996
LBC16 32 0    1.277079
LBC16 32 1    82.439354
LBC16 33 0    1.296251
LBC16 33 1    82.298370
LBC16 34 0    1.313074
LBC16 34 1    81.000175
LBC16 35 0    1.272863
LBC16 35 1    82.326309
LBC16 36 0    1.291038
LBC16 36 1    79.284431
LBC16 37 0    1.285882
LBC16 37 1    81.615181
LBC16 38 0    1.294818
LBC16 38 1    82.367111
LBC16 39 0    1.312187
LBC16 39 1    83.416878
LBC16 40 0    1.308945
LBC16 40 1    82.293755
LBC16 41 0    1.298153
LBC16 41 1    80.822777
LBC16 42 0    1.299195
LBC16 42 1    80.983528
LBC16 43 0    1.278750
LBC16 43 1    81.839996
LBC16 44 0    1.270778
LBC16 44 1    80.063713
LBC16 45 0    1.309050
LBC16 45 1    81.642273
LBC16 46 0    1.328367
LBC16 46 1    81.724236
LBC16 47 0    1.297320
LBC16 47 1    82.276695
LBC23  0 0    1.297290
LBC23  0 1    81.639519
LBC23  1 0    1.304716
LBC23  1 1    81.495949
LBC23  2 0    1.298984
LBC23  2 1    82.226974
LBC23  3 0    1.283239
LBC23  3 1    80.702095
LBC23  4 0    1.322066
LBC23  4 1    81.402924
LBC23  5 0    1.273780
LBC23  5 1    81.757126
LBC23  6 0    1.240973
LBC23  6 1    80.003525
LBC23  7 0    1.280235
LBC23  7 1    81.423340
LBC23  8 0    1.290953
LBC23  8 1    80.638718
LBC23  9 0    1.295823
LBC23  9 1    81.351883
LBC23 10 0    1.265092
LBC23 10 1    81.190178
LBC23 11 0    1.289168
LBC23 11 1    81.074028
LBC23 12 0    1.295691
LBC23 12 1    81.695259
LBC23 13 0    1.312687
LBC23 13 1    81.249001
LBC23 14 0    1.316618
LBC23 14 1    78.217331
LBC23 15 0    1.285845
LBC23 15 1    80.625717
LBC23 16 0    1.304492
LBC23 16 1    82.194969
LBC23 17 0    1.254135
LBC23 17 1    81.199730
LBC23 18 0    1.312619
LBC23 18 1    79.833870
LBC23 19 0    1.249345
LBC23 19 1    79.833466
LBC23 20 0    1.379452
LBC23 20 1    80.840019
LBC23 21 0    1.279328
LBC23 21 1    82.315674
LBC23 22 0    1.328226
LBC23 22 1    79.734268
LBC23 23 0    1.301192
LBC23 23 1    80.503738
LBC23 24 0    1.291889
LBC23 24 1    79.276520
LBC23 25 0    1.290557
LBC23 25 1    79.729019
LBC23 26 0    1.305046
LBC23 26 1    82.361679
LBC23 27 0    1.316968
LBC23 27 1    81.511581
LBC23 28 0    1.298404
LBC23 28 1    79.045113
LBC23 29 0    1.302336
LBC23 29 1    82.014145
LBC23 30 0    1.278750
LBC23 30 1    81.839996
LBC23 31 0    1.278750
LBC23 31 1    81.839996
LBC23 32 0    1.294071
LBC23 32 1    82.009514
LBC23 33 0    1.261068
LBC23 33 1    80.059853
LBC23 34 0    1.294666
LBC23 34 1    82.931892
LBC23 35 0    1.284877
LBC23 35 1    80.500923
LBC23 36 0    1.271235
LBC23 36 1    81.409889
LBC23 37 0    1.296269
LBC23 37 1    82.569527
LBC23 38 0    1.275144
LBC23 38 1    79.824547
LBC23 39 0    1.291370
LBC23 39 1    81.127586
LBC23 40 0    1.307754
LBC23 40 1    82.815773
LBC23 41 0    1.305691
LBC23 41 1    80.262428
LBC23 42 0    1.290488
LBC23 42 1    83.357872
LBC23 43 0    1.278750
LBC23 43 1    81.839996
LBC23 44 0    1.319396
LBC23 44 1    81.146263
LBC23 45 0    1.334139
LBC23 45 1    79.581169
LBC23 46 0    1.277913
LBC23 46 1    80.819283
LBC23 47 0    1.303402
LBC23 47 1    80.688751
LBC28  0 0    1.291411
LBC28  0 1    82.619781
LBC28  1 0    1.289375
LBC28  1 1    82.638168
LBC28  2 0    1.271053
LBC28  2 1    81.404953
LBC28  3 0    1.288189
LBC28  3 1    80.746124
LBC28  4 0    1.322950
LBC28  4 1    79.722748
LBC28  5 0    1.296916
LBC28  5 1    80.654533
LBC28  6 0    1.303844
LBC28  6 1    82.270294
LBC28  7 0    1.251954
LBC28  7 1    79.900047
LBC28  8 0    1.253431
LBC28  8 1    80.570007
LBC28  9 0    1.275960
LBC28  9 1    81.474464
LBC28 10 0    1.279589
LBC28 10 1    80.006462
LBC28 11 0    1.298233
LBC28 11 1    82.657082
LBC28 12 0    1.294612
LBC28 12 1    84.210922
LBC28 13 0    1.315718
LBC28 13 1    82.220932
LBC28 14 0    1.300339
LBC28 14 1    80.209274
LBC28 15 0    1.272107
LBC28 15 1    82.419014
LBC28 16 0    1.324399
LBC28 16 1    81.186401
LBC28 17 0    1.329002
LBC28 17 1    80.623604
LBC28 18 0    1.325684
LBC28 18 1    83.396179
LBC28 19 0    1.278785
LBC28 19 1    82.206665
LBC28 20 0    1.303081
LBC28 20 1    80.965034
LBC28 21 0    1.248373
LBC28 21 1    79.630554
LBC28 22 0    1.290596
LBC28 22 1    79.785355
LBC28 23 0    1.264470
LBC28 23 1    79.410652
LBC28 24 0    1.291516
LBC28 24 1    81.653633
LBC28 25 0    1.329782
LBC28 25 1    81.128609
LBC28 26 0    1.294951
LBC28 26 1    82.595184
LBC28 27 0    1.270028
LBC28 27 1    80.436455
LBC28 28 0    1.285363
LBC28 28 1    81.215202
LBC28 29 0    1.321670
LBC28 29 1    82.456055
LBC28 30 0    1.278750
LBC28 30 1    81.839996
LBC28 31 0    1.278750
LBC28 31 1    81.839996
LBC28 32 0    1.310384
LBC28 32 1    80.941460
LBC28 33 0    1.296673
LBC28 33 1    82.207184
LBC28 34 0    1.318886
LBC28 34 1    82.987183
LBC28 35 0    1.247592
LBC28 35 1    80.599998
LBC28 36 0    1.298904
LBC28 36 1    81.891891
LBC28 37 0    1.268981
LBC28 37 1    81.738289
LBC28 38 0    1.286026
LBC28 38 1    79.526611
LBC28 39 0    1.309406
LBC28 39 1    79.155716
LBC28 40 0    1.311901
LBC28 40 1    84.938538
LBC28 41 0    1.280376
LBC28 41 1    82.796120
LBC28 42 0    1.321783
LBC28 42 1    80.904877
LBC28 43 0    1.278750
LBC28 43 1    81.839996
LBC28 44 0    1.275369
LBC28 44 1    80.673119
LBC28 45 0    1.296952
LBC28 45 1    82.466003
LBC28 46 0    1.308332
LBC28 46 1    81.300323
LBC28 47 0    1.291425
LBC28 47 1    81.420982
LBC43  0 0    1.300619
LBC43  0 1    81.748795
LBC43  1 0    1.281345
LBC43  1 1    81.294449
LBC43  2 0    1.293210
LBC43  2 1    81.556862
LBC43  3 0    1.303247
LBC43  3 1    82.113876
LBC43  4 0    1.299389
LBC43  4 1    81.025406
LBC43  5 0    1.289412
LBC43  5 1    82.656731
LBC43  6 0    1.331742
LBC43  6 1    82.764587
LBC43  7 0    1.298065
LBC43  7 1    81.236656
LBC43  8 0    1.322795
LBC43  8 1    80.673706
LBC43  9 0    1.282723
LBC43  9 1    82.016815
LBC43 10 0    1.294350
LBC43 10 1    81.312378
LBC43 11 0    1.282474
LBC43 11 1    82.382439
LBC43 12 0    1.310941
LBC43 12 1    81.064255
LBC43 13 0    1.319279
LBC43 13 1    81.059250
LBC43 14 0    1.275173
LBC43 14 1    82.594208
LBC43 15 0    1.271494
LBC43 15 1    81.450035
LBC43 16 0    1.267031
LBC43 16 1    83.959793
LBC43 17 0    1.293145
LBC43 17 1    79.768196
LBC43 18 0    1.295147
LBC43 18 1    81.923828
LBC43 19 0    1.300495
LBC43 19 1    81.802132
LBC43 20 0    1.286336
LBC43 20 1    81.170708
LBC43 21 0    1.293848
LBC43 21 1    80.811516
LBC43 22 0    1.328850
LBC43 22 1    81.795357
LBC43 23 0    1.305405
LBC43 23 1    80.557961
LBC43 24 0    1.293211
LBC43 24 1    84.951752
LBC43 25 0    1.281892
LBC43 25 1    79.793121
LBC43 26 0    1.261482
LBC43 26 1    82.802750
LBC43 27 0    1.299429
LBC43 27 1    80.478790
LBC43 28 0    1.303617
LBC43 28 1    80.689651
LBC43 29 0    1.278706
LBC43 29 1    81.268623
LBC43 30 0    1.278750
LBC43 30 1    81.839996
LBC43 31 0    1.278750
LBC43 31 1    81.839996
LBC43 32 0    1.279648
LBC43 32 1    82.803650
LBC43 33 0    1.274995
LBC43 33 1    80.470009
LBC43 34 0    1.301740
LBC43 34 1    81.347771
LBC43 35 0    1.307802
LBC43 35 1    81.604965
LBC43 36 0    1.312554
LBC43 36 1    82.404388
LBC43 37 0    1.302667
LBC43 37 1    81.946701
LBC43 38 0    1.315721
LBC43 38 1    81.317322
LBC43 39 0    1.298157
LBC43 39 1    82.094543
LBC43 40 0    1.271105
LBC43 40 1    80.807816
LBC43 41 0    1.288955
LBC43 41 1    79.467400
LBC43 42 0    1.266821
LBC43 42 1    79.148232
LBC43 43 0    1.278750
LBC43 43 1    81.839996
LBC43 44 0    1.271376
LBC43 44 1    81.700500
LBC43 45 0    1.290856
LBC43 45 1    81.368256
LBC43 46 0    1.280085
LBC43 46 1    80.533974
LBC43 47 0    1.299971
LBC43 47 1    80.018646
LBC44  0 0    1.285243
LBC44  0 1    81.785843
LBC44  1 0    1.293972
LBC44  1 1    80.911209
LBC44  2 0    1.262062
LBC44  2 1    83.171661
LBC44  3 0    1.275853
LBC44  3 1    81.674606
LBC44  4 0    1.311341
LBC44  4 1    84.692657
LBC44  5 0    1.292188
LBC44  5 1    81.190063
LBC44  6 0    1.297538
LBC44  6 1    80.795876
LBC44  7 0    1.300866
LBC44  7 1    81.230095
LBC44  8 0    1.275590
LBC44  8 1    82.959991
LBC44  9 0    1.281291
LBC44  9 1    82.200378
LBC44 10 0    1.301054
LBC44 10 1    81.222206
LBC44 11 0    1.284935
LBC44 11 1    80.723915
LBC44 12 0    1.302926
LBC44 12 1    78.365829
LBC44 13 0    1.312144
LBC44 13 1    82.072739
LBC44 14 0    1.295779
LBC44 14 1    81.853035
LBC44 15 0    1.305128
LBC44 15 1    82.627563
LBC44 16 0    1.289266
LBC44 16 1    81.677231
LBC44 17 0    1.283574
LBC44 17 1    81.311050
LBC44 18 0    1.312523
LBC44 18 1    81.786758
LBC44 19 0    1.283301
LBC44 19 1    79.420738
LBC44 20 0    1.307392
LBC44 20 1    78.466194
LBC44 21 0    1.318342
LBC44 21 1    82.009804
LBC44 22 0    1.295126
LBC44 22 1    80.814323
LBC44 23 0    1.288032
LBC44 23 1    80.660812
LBC44 24 0    1.290320
LBC44 24 1    78.930275
LBC44 25 0    1.291583
LBC44 25 1    81.975494
LBC44 26 0    1.262120
LBC44 26 1    81.616280
LBC44 27 0    1.276908
LBC44 27 1    81.135826
LBC44 28 0    1.261405
LBC44 28 1    78.185188
LBC44 29 0    1.243010
LBC44 29 1    79.964729
LBC44 30 0    1.278750
LBC44 30 1    81.839996
LBC44 31 0    1.278750
LBC44 31 1    81.839996
LBC44 32 0    1.273926
LBC44 32 1    80.934296
LBC44 33 0    1.295178
LBC44 33 1    81.835747
LBC44 34 0    1.308059
LBC44 34 1    80.364113
LBC44 35 0    1.310394
LBC44 35 1    80.385330
LBC44 36 0    1.309410
LBC44 36 1    80.710770
LBC44 37 0    1.311188
LBC44 37 1    81.728447
LBC44 38 0    1.297287
LBC44 38 1    82.102463
LBC44 39 0    1.310343
LBC44 39 1    77.613327
LBC44 40 0    1.278589
LBC44 40 1    79.771286
LBC44 41 0    1.297219
LBC44 41 1    81.856194
LBC44 42 0    1.318513
LBC44 42 1    80.530251
LBC44 43 0    1.278750
LBC44 43 1    81.839996
LBC44 44 0    1.330758
LBC44 44 1    80.541908
LBC44 45 0    1.293844
LBC44 45 1    81.218674
LBC44 46 0    1.288164
LBC44 46 1    79.705963
LBC44 47 0    1.320358
LBC44 47 1    82.601295
LBC47  0 0    1.302796
LBC47  0 1    81.828232
LBC47  1 0    1.286020
LBC47  1 1    79.739105
LBC47  2 0    1.279100
LBC47  2 1    81.123108
LBC47  3 0    1.306911
LBC47  3 1    81.738220
LBC47  4 0    1.279652
LBC47  4 1    79.456779
LBC47  5 0    1.301099
LBC47  5 1    81.369408
LBC47  6 0    1.274929
LBC47  6 1    83.430550
LBC47  7 0    1.274284
LBC47  7 1    81.133789
LBC47  8 0    1.311042
LBC47  8 1    82.835487
LBC47  9 0    1.331184
LBC47  9 1    81.736046
LBC47 10 0    1.305347
LBC47 10 1    79.721649
LBC47 11 0    1.295171
LBC47 11 1    82.109673
LBC47 12 0    1.320654
LBC47 12 1    82.152527
LBC47 13 0    1.307257
LBC47 13 1    81.340424
LBC47 14 0    1.251999
LBC47 14 1    83.385017
LBC47 15 0    1.291800
LBC47 15 1    81.813210
LBC47 16 0    1.328974
LBC47 16 1    82.153557
LBC47 17 0    1.308420
LBC47 17 1    81.858604
LBC47 18 0    1.294525
LBC47 18 1    81.584061
LBC47 19 0    1.300539
LBC47 19 1    78.872231
LBC47 20 0    1.300125
LBC47 20 1    80.914078
LBC47 21 0    1.321724
LBC47 21 1    82.506195
LBC47 22 0    1.298261
LBC47 22 1    80.661850
LBC47 23 0    1.288539
LBC47 23 1    80.864616
LBC47 24 0    1.295575
LBC47 24 1    81.123657
LBC47 25 0    1.259941
LBC47 25 1    78.560844
LBC47 26 0    1.288232
LBC47 26 1    82.366425
LBC47 27 0    1.290364
LBC47 27 1    82.886116
LBC47 28 0    1.296550
LBC47 28 1    81.511894
LBC47 29 0    1.292060
LBC47 29 1    81.811798
LBC47 30 0    1.278750
LBC47 30 1    81.839996
LBC47 31 0    1.278750
LBC47 31 1    81.839996
LBC47 32 0    1.287493
LBC47 32 1    82.837212
LBC47 33 0    1.307686
LBC47 33 1    81.001862
LBC47 34 0    1.313074
LBC47 34 1    82.295860
LBC47 35 0    0.646304
LBC47 35 1    80.041389
LBC47 36 0    1.279835
LBC47 36 1    79.786629
LBC47 37 0    1.319839
LBC47 37 1    80.997292
LBC47 38 0    1.294211
LBC47 38 1    83.675774
LBC47 39 0    1.293258
LBC47 39 1    81.666870
LBC47 40 0    1.321413
LBC47 40 1    80.091194
LBC47 41 0    1.278398
LBC47 41 1    80.998573
LBC47 42 0    1.263433
LBC47 42 1    81.189545
LBC47 43 0    1.278750
LBC47 43 1    81.839996
LBC47 44 0    1.290285
LBC47 44 1    82.379143
LBC47 45 0    1.284237
LBC47 45 1    81.920158
LBC47 46 0    1.247215
LBC47 46 1    78.771309
LBC47 47 0    1.282720
LBC47 47 1    80.742409
LBC48  0 0    1.279891
LBC48  0 1    78.142838
LBC48  1 0    1.319373
LBC48  1 1    81.661461
LBC48  2 0    1.282616
LBC48  2 1    81.665802
LBC48  3 0    1.276511
LBC48  3 1    82.362335
LBC48  4 0    1.277058
LBC48  4 1    81.239357
LBC48  5 0    1.309550
LBC48  5 1    81.600777
LBC48  6 0    1.288238
LBC48  6 1    79.818298
LBC48  7 0    1.308125
LBC48  7 1    82.763206
LBC48  8 0    1.293755
LBC48  8 1    81.218193
LBC48  9 0    1.304287
LBC48  9 1    81.785927
LBC48 10 0    1.308714
LBC48 10 1    79.780655
LBC48 11 0    1.300300
LBC48 11 1    82.707077
LBC48 12 0    1.292416
LBC48 12 1    83.561111
LBC48 13 0    1.317762
LBC48 13 1    80.230606
LBC48 14 0    1.295638
LBC48 14 1    79.771561
LBC48 15 0    1.291985
LBC48 15 1    81.304688
LBC48 16 0    1.280230
LBC48 16 1    81.842804
LBC48 17 0    1.277790
LBC48 17 1    82.959778
LBC48 18 0    1.283643
LBC48 18 1    83.931412
LBC48 19 0    1.290000
LBC48 19 1    80.714485
LBC48 20 0    1.331432
LBC48 20 1    83.113518
LBC48 21 0    1.284218
LBC48 21 1    82.648178
LBC48 22 0    1.329825
LBC48 22 1    81.940865
LBC48 23 0    1.298007
LBC48 23 1    79.475754
LBC48 24 0    1.283437
LBC48 24 1    79.781937
LBC48 25 0    1.264311
LBC48 25 1    82.421555
LBC48 26 0    1.304609
LBC48 26 1    78.652992
LBC48 27 0    1.330541
LBC48 27 1    80.877625
LBC48 28 0    1.292481
LBC48 28 1    80.389771
LBC48 29 0    1.234768
LBC48 29 1    83.486359
LBC48 30 0    1.278750
LBC48 30 1    81.839996
LBC48 31 0    1.278750
LBC48 31 1    81.839996
LBC48 32 0    1.272562
LBC48 32 1    80.541519
LBC48 33 0    1.307512
LBC48 33 1    80.643219
LBC48 34 0    1.294405
LBC48 34 1    80.454979
LBC48 35 0    1.284861
LBC48 35 1    81.347855
LBC48 36 0    1.296968
LBC48 36 1    80.131485
LBC48 37 0    1.303840
LBC48 37 1    81.896965
LBC48 38 0    1.291861
LBC48 38 1    82.354950
LBC48 39 0    1.275807
LBC48 39 1    81.549919
LBC48 40 0    1.278993
LBC48 40 1    81.019745
LBC48 41 0    1.275902
LBC48 41 1    80.107643
LBC48 42 0    1.236096
LBC48 42 1    78.520248
LBC48 43 0    1.278750
LBC48 43 1    81.839996
LBC48 44 0    1.269958
LBC48 44 1    78.545418
LBC48 45 0    1.251242
LBC48 45 1    80.131500
LBC48 46 0    1.288930
LBC48 46 1    81.432404
LBC48 47 0    1.321512
LBC48 47 1    78.611053
LBC52  0 0    1.280097
LBC52  0 1    78.100883
LBC52  1 0    1.277404
LBC52  1 1    79.838524
LBC52  2 0    1.295279
LBC52  2 1    82.238472
LBC52  3 0    1.296489
LBC52  3 1    81.116486
LBC52  4 0    1.304626
LBC52  4 1    80.007240
LBC52  5 0    1.293025
LBC52  5 1    81.827187
LBC52  6 0    1.275241
LBC52  6 1    81.207664
LBC52  7 0    1.265883
LBC52  7 1    80.465683
LBC52  8 0    1.301245
LBC52  8 1    80.996445
LBC52  9 0    1.278371
LBC52  9 1    81.816612
LBC52 10 0    1.311411
LBC52 10 1    81.618835
LBC52 11 0    1.339052
LBC52 11 1    81.222923
LBC52 12 0    1.298728
LBC52 12 1    83.148132
LBC52 13 0    1.254621
LBC52 13 1    79.998032
LBC52 14 0    1.296102
LBC52 14 1    81.279831
LBC52 15 0    1.278349
LBC52 15 1    79.792137
LBC52 16 0    1.266201
LBC52 16 1    79.280937
LBC52 17 0    1.293464
LBC52 17 1    80.362129
LBC52 18 0    1.295467
LBC52 18 1    93.991844
LBC52 19 0    1.267491
LBC52 19 1    81.578629
LBC52 20 0    1.269595
LBC52 20 1    81.014297
LBC52 21 0    1.280658
LBC52 21 1    81.269348
LBC52 22 0    1.290734
LBC52 22 1    80.528641
LBC52 23 0    1.328134
LBC52 23 1    81.410423
LBC52 24 0    1.303127
LBC52 24 1    78.366669
LBC52 25 0    1.283137
LBC52 25 1    81.661224
LBC52 26 0    1.296792
LBC52 26 1    81.782562
LBC52 27 0    1.277642
LBC52 27 1    82.364517
LBC52 28 0    1.280269
LBC52 28 1    83.896362
LBC52 29 0    1.301766
LBC52 29 1    80.478256
LBC52 30 0    1.278750
LBC52 30 1    81.839996
LBC52 31 0    1.278750
LBC52 31 1    81.839996
LBC52 32 0    1.273521
LBC52 32 1    78.288940
LBC52 33 0    1.332091
LBC52 33 1    81.130257
LBC52 34 0    1.328720
LBC52 34 1    82.141853
LBC52 35 0    1.270512
LBC52 35 1    81.444969
LBC52 36 0    1.283247
LBC52 36 1    81.132416
LBC52 37 0    1.298106
LBC52 37 1    80.890221
LBC52 38 0    1.251981
LBC52 38 1    79.201164
LBC52 39 0    1.274705
LBC52 39 1    80.174957
LBC52 40 0    1.295144
LBC52 40 1    81.113220
LBC52 41 0    1.293119
LBC52 41 1    81.356087
LBC52 42 0    1.302245
LBC52 42 1    82.322693
LBC52 43 0    1.278750
LBC52 43 1    81.839996
LBC52 44 0    1.324169
LBC52 44 1    81.658119
LBC52 45 0    1.307842
LBC52 45 1    80.621780
LBC52 46 0    1.266581
LBC52 46 1    80.046997
LBC52 47 0    1.305089
LBC52 47 1    81.817253
LBC55  0 0    1.291839
LBC55  0 1    80.504906
LBC55  1 0    1.262413
LBC55  1 1    79.032730
LBC55  2 0    1.290598
LBC55  2 1    80.637787
LBC55  3 0    1.282047
LBC55  3 1    79.525284
LBC55  4 0    1.302218
LBC55  4 1    81.908195
LBC55  5 0    1.291525
LBC55  5 1    80.742180
LBC55  6 0    1.317641
LBC55  6 1    83.284607
LBC55  7 0    1.282330
LBC55  7 1    83.869713
LBC55  8 0    1.296222
LBC55  8 1    82.313148
LBC55  9 0    1.279719
LBC55  9 1    81.256737
LBC55 10 0    1.312015
LBC55 10 1    81.408180
LBC55 11 0    1.321177
LBC55 11 1    81.812500
LBC55 12 0    1.348416
LBC55 12 1    81.244751
LBC55 13 0    1.300745
LBC55 13 1    82.407593
LBC55 14 0    1.275211
LBC55 14 1    81.022087
LBC55 15 0    1.298595
LBC55 15 1    80.897118
LBC55 16 0    1.254853
LBC55 16 1    82.568520
LBC55 17 0    1.264083
LBC55 17 1    80.446243
LBC55 18 0    1.271923
LBC55 18 1    81.619705
LBC55 19 0    1.279109
LBC55 19 1    81.594795
LBC55 20 0    1.287577
LBC55 20 1    81.309685
LBC55 21 0    1.263191
LBC55 21 1    80.470711
LBC55 22 0    1.304336
LBC55 22 1    79.971077
LBC55 23 0    1.275528
LBC55 23 1    82.289497
LBC55 24 0    1.283640
LBC55 24 1    80.756721
LBC55 25 0    1.278206
LBC55 25 1    81.099335
LBC55 26 0    1.278659
LBC55 26 1    80.340965
LBC55 27 0    1.270794
LBC55 27 1    81.465096
LBC55 28 0    1.251736
LBC55 28 1    79.503563
LBC55 29 0    1.317509
LBC55 29 1    81.071236
LBC55 30 0    1.278750
LBC55 30 1    81.839996
LBC55 31 0    1.278750
LBC55 31 1    81.839996
LBC55 32 0    1.280828
LBC55 32 1    82.491745
LBC55 33 0    1.324827
LBC55 33 1    81.775864
LBC55 34 0    1.281554
LBC55 34 1    79.940811
LBC55 35 0    1.277382
LBC55 35 1    80.660637
LBC55 36 0    1.296158
LBC55 36 1    82.195389
LBC55 37 0    1.286659
LBC55 37 1    81.745178
LBC55 38 0    1.276304
LBC55 38 1    80.489899
LBC55 39 0    1.290524
LBC55 39 1    83.001823
LBC55 40 0    1.296989
LBC55 40 1    81.638649
LBC55 41 0    1.301229
LBC55 41 1    78.009476
LBC55 42 0    1.301428
LBC55 42 1    81.044365
LBC55 43 0    1.278750
LBC55 43 1    81.839996
LBC55 44 0    1.273302
LBC55 44 1    82.383514
LBC55 45 0    1.289626
LBC55 45 1    80.728485
LBC55 46 0    1.320212
LBC55 46 1    81.143761
LBC55 47 0    1.309350
LBC55 47 1    80.205704
LBC57  0 0    1.311048
LBC57  0 1    83.819565
LBC57  1 0    1.281808
LBC57  1 1    79.480888
LBC57  2 0    1.282638
LBC57  2 1    82.111336
LBC57  3 0    1.268855
LBC57  3 1    82.125343
LBC57  4 0    1.299787
LBC57  4 1    81.527603
LBC57  5 0    1.289171
LBC57  5 1    81.423409
LBC57  6 0    1.318442
LBC57  6 1    77.138199
LBC57  7 0    1.318654
LBC57  7 1    80.478569
LBC57  8 0    1.290263
LBC57  8 1    81.109039
LBC57  9 0    1.255873
LBC57  9 1    78.916931
LBC57 10 0    1.345322
LBC57 10 1    82.768898
LBC57 11 0    1.284543
LBC57 11 1    79.612350
LBC57 12 0    1.290080
LBC57 12 1    81.173317
LBC57 13 0    1.306335
LBC57 13 1    81.012802
LBC57 14 0    1.293761
LBC57 14 1    81.473602
LBC57 15 0    1.307832
LBC57 15 1    80.075714
LBC57 16 0    1.297795
LBC57 16 1    83.034706
LBC57 17 0    1.276803
LBC57 17 1    79.297043
LBC57 18 0    1.285306
LBC57 18 1    79.341385
LBC57 19 0    1.254974
LBC57 19 1    80.349052
LBC57 20 0    1.288305
LBC57 20 1    79.665367
LBC57 21 0    1.306327
LBC57 21 1    80.543785
LBC57 22 0    1.277606
LBC57 22 1    82.563904
LBC57 23 0    1.263454
LBC57 23 1    79.414574
LBC57 24 0    1.264795
LBC57 24 1    82.158836
LBC57 25 0    1.263929
LBC57 25 1    79.185074
LBC57 26 0    1.321835
LBC57 26 1    82.002815
LBC57 27 0    1.307506
LBC57 27 1    82.515327
LBC57 28 0    1.233812
LBC57 28 1    80.751099
LBC57 29 0    1.299820
LBC57 29 1    79.304169
LBC57 30 0    1.278750
LBC57 30 1    81.839996
LBC57 31 0    1.278750
LBC57 31 1    81.839996
LBC57 32 0    1.258438
LBC57 32 1    81.660751
LBC57 33 0    1.274457
LBC57 33 1    81.648506
LBC57 34 0    1.258632
LBC57 34 1    82.474777
LBC57 35 0    1.288397
LBC57 35 1    80.697060
LBC57 36 0    1.293377
LBC57 36 1    81.961716
LBC57 37 0    1.307251
LBC57 37 1    81.075882
LBC57 38 0    1.309523
LBC57 38 1    82.598991
LBC57 39 0    1.276426
LBC57 39 1    79.709801
LBC57 40 0    1.305237
LBC57 40 1    80.850090
LBC57 41 0    1.302179
LBC57 41 1    80.355965
LBC57 42 0    1.336354
LBC57 42 1    80.680733
LBC57 43 0    1.278750
LBC57 43 1    81.839996
LBC57 44 0    1.262418
LBC57 44 1    81.231850
LBC57 45 0    1.283208
LBC57 45 1    81.658539
LBC57 46 0    1.300958
LBC57 46 1    83.774796
LBC57 47 0    1.322373
LBC57 47 1    80.872185
LBC60  0 0    1.283444
LBC60  0 1    80.369339
LBC60  1 0    1.281356
LBC60  1 1    81.056320
LBC60  2 0    1.296152
LBC60  2 1    81.965584
LBC60  3 0    1.286291
LBC60  3 1    82.220909
LBC60  4 0    1.276675
LBC60  4 1    80.502220
LBC60  5 0    1.299796
LBC60  5 1    81.824402
LBC60  6 0    1.276416
LBC60  6 1    81.308067
LBC60  7 0    1.279824
LBC60  7 1    79.539864
LBC60  8 0    1.275357
LBC60  8 1    80.951088
LBC60  9 0    1.292261
LBC60  9 1    81.176712
LBC60 10 0    1.298248
LBC60 10 1    80.466194
LBC60 11 0    1.291620
LBC60 11 1    80.818779
LBC60 12 0    1.285322
LBC60 12 1    81.289780
LBC60 13 0    1.287548
LBC60 13 1    80.855431
LBC60 14 0    1.300659
LBC60 14 1    81.046417
LBC60 15 0    1.293846
LBC60 15 1    79.344589
LBC60 16 0    1.280821
LBC60 16 1    82.671051
LBC60 17 0    1.285636
LBC60 17 1    81.421364
LBC60 18 0    1.282983
LBC60 18 1    82.639572
LBC60 19 0    1.313011
LBC60 19 1    81.828110
LBC60 20 0    1.306649
LBC60 20 1    81.996521
LBC60 21 0    1.246723
LBC60 21 1    80.613930
LBC60 22 0    1.306565
LBC60 22 1    81.221474
LBC60 23 0    1.313619
LBC60 23 1    82.616669
LBC60 24 0    1.307666
LBC60 24 1    79.856796
LBC60 25 0    1.306456
LBC60 25 1    78.962273
LBC60 26 0    1.322007
LBC60 26 1    82.010902
LBC60 27 0    1.294828
LBC60 27 1    80.539116
LBC60 28 0    1.287619
LBC60 28 1    80.927292
LBC60 29 0    1.314255
LBC60 29 1    81.714806
LBC60 30 0    1.278750
LBC60 30 1    81.839996
LBC60 31 0    1.278750
LBC60 31 1    81.839996
LBC60 32 0    1.288844
LBC60 32 1    81.206619
LBC60 33 0    1.269282
LBC60 33 1    82.629051
LBC60 34 0    1.259932
LBC60 34 1    81.374603
LBC60 35 0    1.294690
LBC60 35 1    82.558144
LBC60 36 0    1.312529
LBC60 36 1    81.459251
LBC60 37 0    1.305434
LBC60 37 1    82.130157
LBC60 38 0    1.305019
LBC60 38 1    78.731972
LBC60 39 0    1.294042
LBC60 39 1    81.380508
LBC60 40 0    1.295300
LBC60 40 1    81.357552
LBC60 41 0    1.309834
LBC60 41 1    82.093842
LBC60 42 0    1.285980
LBC60 42 1    81.626823
LBC60 43 0    1.278750
LBC60 43 1    81.839996
LBC60 44 0    1.310105
LBC60 44 1    81.815659
LBC60 45 0    1.303261
LBC60 45 1    81.565681
LBC60 46 0    1.321842
LBC60 46 1    81.660004
LBC60 47 0    1.318014
LBC60 47 1    81.614494
LBC62  0 0    1.292704
LBC62  0 1    82.305450
LBC62  1 0    1.296479
LBC62  1 1    80.536583
LBC62  2 0    1.262695
LBC62  2 1    80.995026
LBC62  3 0    1.258851
LBC62  3 1    81.308083
LBC62  4 0    1.317976
LBC62  4 1    81.988914
LBC62  5 0    1.287640
LBC62  5 1    83.797028
LBC62  6 0    1.280364
LBC62  6 1    82.659790
LBC62  7 0    1.274329
LBC62  7 1    81.182236
LBC62  8 0    1.304890
LBC62  8 1    77.558960
LBC62  9 0    1.287043
LBC62  9 1    80.115128
LBC62 10 0    1.288833
LBC62 10 1    79.819519
LBC62 11 0    1.311291
LBC62 11 1    80.363846
LBC62 12 0    1.299737
LBC62 12 1    79.066292
LBC62 13 0    1.298622
LBC62 13 1    82.398300
LBC62 14 0    1.285438
LBC62 14 1    81.447540
LBC62 15 0    1.274333
LBC62 15 1    82.442657
LBC62 16 0    1.314581
LBC62 16 1    81.882812
LBC62 17 0    1.280178
LBC62 17 1    82.313934
LBC62 18 0    1.311646
LBC62 18 1    80.109932
LBC62 19 0    1.239825
LBC62 19 1    79.995155
LBC62 20 0    1.248573
LBC62 20 1    81.951813
LBC62 21 0    1.260952
LBC62 21 1    80.108879
LBC62 22 0    1.254524
LBC62 22 1    81.954353
LBC62 23 0    1.283499
LBC62 23 1    80.078873
LBC62 24 0    1.265132
LBC62 24 1    80.191399
LBC62 25 0    1.285666
LBC62 25 1    80.413109
LBC62 26 0    1.280998
LBC62 26 1    80.969429
LBC62 27 0    1.249411
LBC62 27 1    82.224609
LBC62 28 0    1.283777
LBC62 28 1    80.726997
LBC62 29 0    1.266705
LBC62 29 1    81.453926
LBC62 30 0    1.278750
LBC62 30 1    81.839996
LBC62 31 0    1.278750
LBC62 31 1    81.839996
LBC62 32 0    1.280146
LBC62 32 1    82.216209
LBC62 33 0    1.293145
LBC62 33 1    80.520065
LBC62 34 0    1.263034
LBC62 34 1    77.791962
LBC62 35 0    1.301025
LBC62 35 1    82.020859
LBC62 36 0    1.287794
LBC62 36 1    82.463142
LBC62 37 0    1.265782
LBC62 37 1    81.660873
LBC62 38 0    1.292280
LBC62 38 1    80.266228
LBC62 39 0    1.288398
LBC62 39 1    81.827034
LBC62 40 0    1.309329
LBC62 40 1    81.703728
LBC62 41 0    1.265653
LBC62 41 1    81.678909
LBC62 42 0    1.280856
LBC62 42 1    81.924706
LBC62 43 0    1.278750
LBC62 43 1    81.839996
LBC62 44 0    1.278158
LBC62 44 1    80.374321
LBC62 45 0    1.267882
LBC62 45 1    81.792221
LBC62 46 0    1.276738
LBC62 46 1    81.624001
LBC62 47 0    1.310414
LBC62 47 1    79.935371
EBA07  0 0    1.285923
EBA07  0 1    80.861748
EBA07  1 0    1.319957
EBA07  1 1    82.805809
EBA07  2 0    1.281122
EBA07  2 1    83.727791
EBA07  3 0    1.276587
EBA07  3 1    82.357933
EBA07  4 0    1.292314
EBA07  4 1    81.946823
EBA07  5 0    1.271168
EBA07  5 1    80.396324
EBA07  6 0    1.282977
EBA07  6 1    81.733521
EBA07  7 0    1.300469
EBA07  7 1    82.532959
EBA07  8 0    1.289111
EBA07  8 1    80.598518
EBA07  9 0    1.309080
EBA07  9 1    81.285942
EBA07 10 0    1.302257
EBA07 10 1    80.410347
EBA07 11 0    1.277080
EBA07 11 1    80.667046
EBA07 12 0    1.314661
EBA07 12 1    81.052536
EBA07 13 0    1.303266
EBA07 13 1    82.339821
EBA07 14 0    1.321104
EBA07 14 1    80.644379
EBA07 15 0    1.277939
EBA07 15 1    80.432755
EBA07 16 0    1.294266
EBA07 16 1    83.328094
EBA07 17 0    1.304895
EBA07 17 1    81.658760
EBA07 18 0    1.278750
EBA07 18 1    81.839996
EBA07 19 0    1.278750
EBA07 19 1    81.839996
EBA07 20 0    1.322620
EBA07 20 1    81.573120
EBA07 21 0    1.276403
EBA07 21 1    80.382683
EBA07 22 0    1.278578
EBA07 22 1    80.158020
EBA07 23 0    1.274758
EBA07 23 1    81.674210
EBA07 24 0    1.278750
EBA07 24 1    81.839996
EBA07 25 0    1.278750
EBA07 25 1    81.839996
EBA07 26 0    1.278750
EBA07 26 1    81.839996
EBA07 27 0    1.278750
EBA07 27 1    81.839996
EBA07 28 0    1.278750
EBA07 28 1    81.839996
EBA07 29 0    1.278750
EBA07 29 1    81.839996
EBA07 30 0    1.256448
EBA07 30 1    81.412216
EBA07 31 0    0.920824
EBA07 31 1    80.088348
EBA07 32 0    1.319360
EBA07 32 1    83.143723
EBA07 33 0    1.278750
EBA07 33 1    81.839996
EBA07 34 0    1.278750
EBA07 34 1    81.839996
EBA07 35 0    1.277647
EBA07 35 1    80.932434
EBA07 36 0    1.265900
EBA07 36 1    82.002693
EBA07 37 0    1.297555
EBA07 37 1    82.835892
EBA07 38 0    1.279049
EBA07 38 1    81.836479
EBA07 39 0    1.298942
EBA07 39 1    81.342209
EBA07 40 0    1.280911
EBA07 40 1    80.382820
EBA07 41 0    1.280264
EBA07 41 1    82.897217
EBA07 42 0    1.278750
EBA07 42 1    81.839996
EBA07 43 0    1.278750
EBA07 43 1    81.839996
EBA07 44 0    1.278750
EBA07 44 1    81.839996
EBA07 45 0    1.278750
EBA07 45 1    81.839996
EBA07 46 0    1.278750
EBA07 46 1    81.839996
EBA07 47 0    1.278750
EBA07 47 1    81.839996
EBA13  0 0    1.278363
EBA13  0 1    80.029121
EBA13  1 0    1.280000
EBA13  1 1    79.870003
EBA13  2 0    1.309180
EBA13  2 1    82.907341
EBA13  3 0    1.309845
EBA13  3 1    80.439072
EBA13  4 0    1.262935
EBA13  4 1    80.246643
EBA13  5 0    1.285132
EBA13  5 1    79.411392
EBA13  6 0    1.276827
EBA13  6 1    78.815750
EBA13  7 0    1.282855
EBA13  7 1    78.557724
EBA13  8 0    1.289953
EBA13  8 1    80.853645
EBA13  9 0    1.282790
EBA13  9 1    82.959946
EBA13 10 0    1.326443
EBA13 10 1    82.135269
EBA13 11 0    1.289055
EBA13 11 1    78.041809
EBA13 12 0    1.281561
EBA13 12 1    81.489059
EBA13 13 0    1.296786
EBA13 13 1    82.174622
EBA13 14 0    1.302201
EBA13 14 1    80.850403
EBA13 15 0    1.311946
EBA13 15 1    81.530693
EBA13 16 0    1.285647
EBA13 16 1    79.404282
EBA13 17 0    1.319712
EBA13 17 1    80.045364
EBA13 18 0    1.278750
EBA13 18 1    81.839996
EBA13 19 0    1.278750
EBA13 19 1    81.839996
EBA13 20 0    1.289665
EBA13 20 1    82.357849
EBA13 21 0    1.288263
EBA13 21 1    81.740883
EBA13 22 0    1.275578
EBA13 22 1    80.605560
EBA13 23 0    1.304399
EBA13 23 1    82.742294
EBA13 24 0    1.278750
EBA13 24 1    81.839996
EBA13 25 0    1.278750
EBA13 25 1    81.839996
EBA13 26 0    1.278750
EBA13 26 1    81.839996
EBA13 27 0    1.278750
EBA13 27 1    81.839996
EBA13 28 0    1.278750
EBA13 28 1    81.839996
EBA13 29 0    1.278750
EBA13 29 1    81.839996
EBA13 30 0    1.288514
EBA13 30 1    80.836220
EBA13 31 0    1.246068
EBA13 31 1    80.120087
EBA13 32 0    1.259939
EBA13 32 1    80.351219
EBA13 33 0    1.278750
EBA13 33 1    81.839996
EBA13 34 0    1.278750
EBA13 34 1    81.839996
EBA13 35 0    1.307577
EBA13 35 1    81.185799
EBA13 36 0    1.298304
EBA13 36 1    79.966789
EBA13 37 0    1.304594
EBA13 37 1    81.718285
EBA13 38 0    1.291206
EBA13 38 1    83.832466
EBA13 39 0    1.329619
EBA13 39 1    82.947609
EBA13 40 0    1.288359
EBA13 40 1    83.128288
EBA13 41 0    1.267935
EBA13 41 1    80.330704
EBA13 42 0    1.278750
EBA13 42 1    81.839996
EBA13 43 0    1.278750
EBA13 43 1    81.839996
EBA13 44 0    1.278750
EBA13 44 1    81.839996
EBA13 45 0    1.278750
EBA13 45 1    81.839996
EBA13 46 0    1.278750
EBA13 46 1    81.839996
EBA13 47 0    1.278750
EBA13 47 1    81.839996
EBA42  0 0    1.301528
EBA42  0 1    82.488716
EBA42  1 0    1.292238
EBA42  1 1    82.903168
EBA42  2 0    1.302986
EBA42  2 1    80.633919
EBA42  3 0    1.261055
EBA42  3 1    80.270599
EBA42  4 0    1.292022
EBA42  4 1    80.703735
EBA42  5 0    1.277390
EBA42  5 1    81.567947
EBA42  6 0    1.287708
EBA42  6 1    82.451950
EBA42  7 0    1.303478
EBA42  7 1    80.627090
EBA42  8 0    1.253463
EBA42  8 1    78.915428
EBA42  9 0    1.318646
EBA42  9 1    82.429176
EBA42 10 0    1.293386
EBA42 10 1    81.630905
EBA42 11 0    1.306835
EBA42 11 1    79.578590
EBA42 12 0    1.292312
EBA42 12 1    80.625214
EBA42 13 0    1.269899
EBA42 13 1    79.852524
EBA42 14 0    1.264141
EBA42 14 1    80.437370
EBA42 15 0    1.261876
EBA42 15 1    80.465469
EBA42 16 0    1.308671
EBA42 16 1    79.476662
EBA42 17 0    1.308840
EBA42 17 1    80.665367
EBA42 18 0    1.278750
EBA42 18 1    81.839996
EBA42 19 0    1.278750
EBA42 19 1    81.839996
EBA42 20 0    1.295545
EBA42 20 1    82.365318
EBA42 21 0    1.308866
EBA42 21 1    81.485199
EBA42 22 0    1.275243
EBA42 22 1    81.565689
EBA42 23 0    1.314668
EBA42 23 1    80.818268
EBA42 24 0    1.278750
EBA42 24 1    81.839996
EBA42 25 0    1.278750
EBA42 25 1    81.839996
EBA42 26 0    1.278750
EBA42 26 1    81.839996
EBA42 27 0    1.278750
EBA42 27 1    81.839996
EBA42 28 0    1.278750
EBA42 28 1    81.839996
EBA42 29 0    1.278750
EBA42 29 1    81.839996
EBA42 30 0    1.275403
EBA42 30 1    72.967430
EBA42 31 0    1.290114
EBA42 31 1    80.944992
EBA42 32 0    1.303670
EBA42 32 1    78.709351
EBA42 33 0    1.278750
EBA42 33 1    81.839996
EBA42 34 0    1.278750
EBA42 34 1    81.839996
EBA42 35 0    1.272110
EBA42 35 1    79.473419
EBA42 36 0    1.328756
EBA42 36 1    80.789680
EBA42 37 0    1.294061
EBA42 37 1    83.293259
EBA42 38 0    1.287235
EBA42 38 1    79.243202
EBA42 39 0    1.287962
EBA42 39 1    81.858582
EBA42 40 0    1.261597
EBA42 40 1    81.575150
EBA42 41 0    1.291458
EBA42 41 1    82.477394
EBA42 42 0    1.278750
EBA42 42 1    81.839996
EBA42 43 0    1.278750
EBA42 43 1    81.839996
EBA42 44 0    1.278750
EBA42 44 1    81.839996
EBA42 45 0    1.278750
EBA42 45 1    81.839996
EBA42 46 0    1.278750
EBA42 46 1    81.839996
EBA42 47 0    1.278750
EBA42 47 1    81.839996
EBA49  0 0    1.306516
EBA49  0 1    75.227928
EBA49  1 0    1.325118
EBA49  1 1    80.870628
EBA49  2 0    1.275805
EBA49  2 1    80.805069
EBA49  3 0    1.320275
EBA49  3 1    81.319809
EBA49  4 0    1.302298
EBA49  4 1    82.194283
EBA49  5 0    1.293050
EBA49  5 1    82.068138
EBA49  6 0    1.305071
EBA49  6 1    82.057846
EBA49  7 0    1.284882
EBA49  7 1    81.936081
EBA49  8 0    1.244503
EBA49  8 1    80.988342
EBA49  9 0    1.295667
EBA49  9 1    79.404068
EBA49 10 0    1.271895
EBA49 10 1    78.245674
EBA49 11 0    1.274304
EBA49 11 1    82.077843
EBA49 12 0    1.298411
EBA49 12 1    83.807358
EBA49 13 0    1.315454
EBA49 13 1    79.567245
EBA49 14 0    1.287528
EBA49 14 1    81.382797
EBA49 15 0    1.259809
EBA49 15 1    81.260529
EBA49 16 0    1.281544
EBA49 16 1    82.424507
EBA49 17 0    1.318369
EBA49 17 1    83.038216
EBA49 18 0    1.278750
EBA49 18 1    81.839996
EBA49 19 0    1.278750
EBA49 19 1    81.839996
EBA49 20 0    1.302565
EBA49 20 1    78.514832
EBA49 21 0    1.289149
EBA49 21 1    78.926193
EBA49 22 0    1.292983
EBA49 22 1    80.801872
EBA49 23 0    1.276891
EBA49 23 1    83.261314
EBA49 24 0    1.278750
EBA49 24 1    81.839996
EBA49 25 0    1.278750
EBA49 25 1    81.839996
EBA49 26 0    1.278750
EBA49 26 1    81.839996
EBA49 27 0    1.278750
EBA49 27 1    81.839996
EBA49 28 0    1.278750
EBA49 28 1    81.839996
EBA49 29 0    1.278750
EBA49 29 1    81.839996
EBA49 30 0    1.275183
EBA49 30 1    79.953522
EBA49 31 0    1.253932
EBA49 31 1    80.900185
EBA49 32 0    1.291823
EBA49 32 1    83.310478
EBA49 33 0    1.278750
EBA49 33 1    81.839996
EBA49 34 0    1.278750
EBA49 34 1    81.839996
EBA49 35 0    1.256253
EBA49 35 1    80.223236
EBA49 36 0    1.265872
EBA49 36 1    81.555443
EBA49 37 0    1.328895
EBA49 37 1    80.121788
EBA49 38 0    1.340772
EBA49 38 1    82.812820
EBA49 39 0    1.317700
EBA49 39 1    80.984436
EBA49 40 0    1.307764
EBA49 40 1    82.481674
EBA49 41 0    1.324765
EBA49 41 1    81.917099
EBA49 42 0    1.278750
EBA49 42 1    81.839996
EBA49 43 0    1.278750
EBA49 43 1    81.839996
EBA49 44 0    1.278750
EBA49 44 1    81.839996
EBA49 45 0    1.278750
EBA49 45 1    81.839996
EBA49 46 0    1.278750
EBA49 46 1    81.839996
EBA49 47 0    1.278750
EBA49 47 1    81.839996
EBA50  0 0    1.322534
EBA50  0 1    82.489769
EBA50  1 0    1.243954
EBA50  1 1    83.117165
EBA50  2 0    1.280501
EBA50  2 1    79.366028
EBA50  3 0    1.276443
EBA50  3 1    77.790390
EBA50  4 0    1.299505
EBA50  4 1    80.762634
EBA50  5 0    1.300273
EBA50  5 1    82.736732
EBA50  6 0    1.293058
EBA50  6 1    82.389580
EBA50  7 0    1.312278
EBA50  7 1    81.876923
EBA50  8 0    1.254566
EBA50  8 1    81.025040
EBA50  9 0    1.286627
EBA50  9 1    81.540016
EBA50 10 0    1.292645
EBA50 10 1    81.833382
EBA50 11 0    1.303601
EBA50 11 1    82.338829
EBA50 12 0    1.311036
EBA50 12 1    81.961906
EBA50 13 0    1.285117
EBA50 13 1    81.305847
EBA50 14 0    1.284720
EBA50 14 1    81.522667
EBA50 15 0    1.328525
EBA50 15 1    82.426125
EBA50 16 0    1.267952
EBA50 16 1    80.677261
EBA50 17 0    1.297167
EBA50 17 1    81.551613
EBA50 18 0    1.278750
EBA50 18 1    81.839996
EBA50 19 0    1.278750
EBA50 19 1    81.839996
EBA50 20 0    1.294210
EBA50 20 1    74.859344
EBA50 21 0    1.283159
EBA50 21 1    79.822983
EBA50 22 0    1.306491
EBA50 22 1    80.893837
EBA50 23 0    1.328226
EBA50 23 1    80.461884
EBA50 24 0    1.278750
EBA50 24 1    81.839996
EBA50 25 0    1.278750
EBA50 25 1    81.839996
EBA50 26 0    1.278750
EBA50 26 1    81.839996
EBA50 27 0    1.278750
EBA50 27 1    81.839996
EBA50 28 0    1.278750
EBA50 28 1    81.839996
EBA50 29 0    1.278750
EBA50 29 1    81.839996
EBA50 30 0    1.271796
EBA50 30 1    78.875755
EBA50 31 0    1.309847
EBA50 31 1    71.589500
EBA50 32 0    1.271905
EBA50 32 1    82.246162
EBA50 33 0    1.278750
EBA50 33 1    81.839996
EBA50 34 0    1.278750
EBA50 34 1    81.839996
EBA50 35 0    1.293305
EBA50 35 1    80.155792
EBA50 36 0    1.250003
EBA50 36 1    81.339264
EBA50 37 0    1.270982
EBA50 37 1    81.071259
EBA50 38 0    1.288544
EBA50 38 1    82.787079
EBA50 39 0    1.282445
EBA50 39 1    77.375107
EBA50 40 0    1.331295
EBA50 40 1    78.053925
EBA50 41 0    1.271805
EBA50 41 1    82.625343
EBA50 42 0    1.278750
EBA50 42 1    81.839996
EBA50 43 0    1.278750
EBA50 43 1    81.839996
EBA50 44 0    1.278750
EBA50 44 1    81.839996
EBA50 45 0    1.278750
EBA50 45 1    81.839996
EBA50 46 0    1.278750
EBA50 46 1    81.839996
EBA50 47 0    1.278750
EBA50 47 1    81.839996
EBA51  0 0    1.290000
EBA51  0 1    81.860001
EBA51  1 0    1.251995
EBA51  1 1    79.559998
EBA51  2 0    1.280000
EBA51  2 1    80.629997
EBA51  3 0    1.260000
EBA51  3 1    78.919998
EBA51  4 0    1.290000
EBA51  4 1    81.129997
EBA51  5 0    1.307257
EBA51  5 1    82.160004
EBA51  6 0    1.301046
EBA51  6 1    81.854752
EBA51  7 0    1.281752
EBA51  7 1    78.629997
EBA51  8 0    1.259250
EBA51  8 1    79.952682
EBA51  9 0    1.283525
EBA51  9 1    82.273087
EBA51 10 0    1.263910
EBA51 10 1    79.788719
EBA51 11 0    1.321842
EBA51 11 1    80.358864
EBA51 12 0    1.289005
EBA51 12 1    82.537064
EBA51 13 0    1.270152
EBA51 13 1    81.859734
EBA51 14 0    1.292236
EBA51 14 1    81.748184
EBA51 15 0    1.287901
EBA51 15 1    79.656891
EBA51 16 0    1.288172
EBA51 16 1    81.190407
EBA51 17 0    1.324133
EBA51 17 1    81.681664
EBA51 18 0    1.278750
EBA51 18 1    81.839996
EBA51 19 0    1.278750
EBA51 19 1    81.839996
EBA51 20 0    1.296127
EBA51 20 1    82.250603
EBA51 21 0    1.316939
EBA51 21 1    79.775284
EBA51 22 0    1.277131
EBA51 22 1    79.837288
EBA51 23 0    1.339508
EBA51 23 1    80.800003
EBA51 24 0    1.278750
EBA51 24 1    81.839996
EBA51 25 0    1.278750
EBA51 25 1    81.839996
EBA51 26 0    1.278750
EBA51 26 1    81.839996
EBA51 27 0    1.278750
EBA51 27 1    81.839996
EBA51 28 0    1.278750
EBA51 28 1    81.839996
EBA51 29 0    1.278750
EBA51 29 1    81.839996
EBA51 30 0    1.300000
EBA51 30 1    82.709999
EBA51 31 0    1.280000
EBA51 31 1    81.709999
EBA51 32 0    1.300000
EBA51 32 1    82.260002
EBA51 33 0    1.278750
EBA51 33 1    81.839996
EBA51 34 0    1.278750
EBA51 34 1    81.839996
EBA51 35 0    1.280000
EBA51 35 1    81.620003
EBA51 36 0    1.318871
EBA51 36 1    79.542343
EBA51 37 0    1.304598
EBA51 37 1    80.357903
EBA51 38 0    1.324856
EBA51 38 1    79.260178
EBA51 39 0    1.307623
EBA51 39 1    81.942184
EBA51 40 0    1.303168
EBA51 40 1    81.910423
EBA51 41 0    1.278502
EBA51 41 1    83.000496
EBA51 42 0    1.278750
EBA51 42 1    81.839996
EBA51 43 0    1.278750
EBA51 43 1    81.839996
EBA51 44 0    1.278750
EBA51 44 1    81.839996
EBA51 45 0    1.278750
EBA51 45 1    81.839996
EBA51 46 0    1.278750
EBA51 46 1    81.839996
EBA51 47 0    1.278750
EBA51 47 1    81.839996
EBA61  0 0    1.300000
EBA61  0 1    80.410004
EBA61  1 0    1.295451
EBA61  1 1    81.739998
EBA61  2 0    1.327484
EBA61  2 1    82.059998
EBA61  3 0    1.316437
EBA61  3 1    80.849998
EBA61  4 0    1.310110
EBA61  4 1    82.779999
EBA61  5 0    1.289205
EBA61  5 1    79.910004
EBA61  6 0    1.297711
EBA61  6 1    81.440002
EBA61  7 0    1.272133
EBA61  7 1    83.550003
EBA61  8 0    1.302614
EBA61  8 1    81.150002
EBA61  9 0    1.304725
EBA61  9 1    81.440002
EBA61 10 0    1.320000
EBA61 10 1    81.339996
EBA61 11 0    1.290000
EBA61 11 1    81.300003
EBA61 12 0    1.310000
EBA61 12 1    80.400002
EBA61 13 0    1.300000
EBA61 13 1    81.870003
EBA61 14 0    1.290000
EBA61 14 1    80.349998
EBA61 15 0    1.284435
EBA61 15 1    86.156189
EBA61 16 0    1.280000
EBA61 16 1    82.169998
EBA61 17 0    1.273494
EBA61 17 1    82.169998
EBA61 18 0    1.278750
EBA61 18 1    81.839996
EBA61 19 0    1.278750
EBA61 19 1    81.839996
EBA61 20 0    1.310000
EBA61 20 1    81.870003
EBA61 21 0    1.270000
EBA61 21 1    81.489998
EBA61 22 0    1.290000
EBA61 22 1    82.349998
EBA61 23 0    1.312765
EBA61 23 1    82.620003
EBA61 24 0    1.278750
EBA61 24 1    81.839996
EBA61 25 0    1.278750
EBA61 25 1    81.839996
EBA61 26 0    1.278750
EBA61 26 1    81.839996
EBA61 27 0    1.278750
EBA61 27 1    81.839996
EBA61 28 0    1.278750
EBA61 28 1    81.839996
EBA61 29 0    1.278750
EBA61 29 1    81.839996
EBA61 30 0    1.300000
EBA61 30 1    82.610001
EBA61 31 0    1.300000
EBA61 31 1    83.110001
EBA61 32 0    1.290000
EBA61 32 1    81.370003
EBA61 33 0    1.278750
EBA61 33 1    81.839996
EBA61 34 0    1.278750
EBA61 34 1    81.839996
EBA61 35 0    1.340000
EBA61 35 1    79.239998
EBA61 36 0    1.300000
EBA61 36 1    82.279999
EBA61 37 0    1.300000
EBA61 37 1    82.639999
EBA61 38 0    1.290000
EBA61 38 1    81.989998
EBA61 39 0    1.290000
EBA61 39 1    79.949997
EBA61 40 0    1.300000
EBA61 40 1    81.269997
EBA61 41 0    1.330000
EBA61 41 1    83.120003
EBA61 42 0    1.278750
EBA61 42 1    81.839996
EBA61 43 0    1.278750
EBA61 43 1    81.839996
EBA61 44 0    1.278750
EBA61 44 1    81.839996
EBA61 45 0    1.278750
EBA61 45 1    81.839996
EBA61 46 0    1.278750
EBA61 46 1    81.839996
EBA61 47 0    1.278750
EBA61 47 1    81.839996
EBC13  0 0    1.317857
EBC13  0 1    82.644173
EBC13  1 0    1.292151
EBC13  1 1    80.732773
EBC13  2 0    1.317971
EBC13  2 1    83.556160
EBC13  3 0    1.328497
EBC13  3 1    80.761383
EBC13  4 0    1.287191
EBC13  4 1    83.056129
EBC13  5 0    1.279524
EBC13  5 1    78.783409
EBC13  6 0    1.271444
EBC13  6 1    82.140518
EBC13  7 0    1.282466
EBC13  7 1    82.360054
EBC13  8 0    1.279422
EBC13  8 1    81.674049
EBC13  9 0    1.299335
EBC13  9 1    81.855949
EBC13 10 0    1.290882
EBC13 10 1    82.885178
EBC13 11 0    1.310471
EBC13 11 1    80.834091
EBC13 12 0    1.296640
EBC13 12 1    80.892273
EBC13 13 0    1.262630
EBC13 13 1    80.917046
EBC13 14 0    1.294726
EBC13 14 1    82.659874
EBC13 15 0    1.265097
EBC13 15 1    81.357918
EBC13 16 0    1.320976
EBC13 16 1    81.106705
EBC13 17 0    1.313048
EBC13 17 1    79.661232
EBC13 18 0    1.278750
EBC13 18 1    81.839996
EBC13 19 0    1.278750
EBC13 19 1    81.839996
EBC13 20 0    1.283191
EBC13 20 1    78.234482
EBC13 21 0    1.338266
EBC13 21 1    80.868797
EBC13 22 0    1.268643
EBC13 22 1    80.921997
EBC13 23 0    1.325891
EBC13 23 1    81.283554
EBC13 24 0    1.278750
EBC13 24 1    81.839996
EBC13 25 0    1.278750
EBC13 25 1    81.839996
EBC13 26 0    1.278750
EBC13 26 1    81.839996
EBC13 27 0    1.278750
EBC13 27 1    81.839996
EBC13 28 0    1.278750
EBC13 28 1    81.839996
EBC13 29 0    1.278750
EBC13 29 1    81.839996
EBC13 30 0    1.286588
EBC13 30 1    83.030121
EBC13 31 0    1.276685
EBC13 31 1    78.845894
EBC13 32 0    1.298543
EBC13 32 1    81.561676
EBC13 33 0    1.278750
EBC13 33 1    81.839996
EBC13 34 0    1.278750
EBC13 34 1    81.839996
EBC13 35 0    1.279520
EBC13 35 1    81.650978
EBC13 36 0    1.284092
EBC13 36 1    79.945297
EBC13 37 0    1.315455
EBC13 37 1    82.005890
EBC13 38 0    1.284118
EBC13 38 1    82.089561
EBC13 39 0    1.279474
EBC13 39 1    79.591331
EBC13 40 0    1.302036
EBC13 40 1    82.013977
EBC13 41 0    1.306940
EBC13 41 1    81.344849
EBC13 42 0    1.278750
EBC13 42 1    81.839996
EBC13 43 0    1.278750
EBC13 43 1    81.839996
EBC13 44 0    1.278750
EBC13 44 1    81.839996
EBC13 45 0    1.278750
EBC13 45 1    81.839996
EBC13 46 0    1.278750
EBC13 46 1    81.839996
EBC13 47 0    1.278750
EBC13 47 1    81.839996
EBC20  0 0    1.272712
EBC20  0 1    81.443222
EBC20  1 0    1.304868
EBC20  1 1    80.154633
EBC20  2 0    1.301776
EBC20  2 1    82.715973
EBC20  3 0    1.257290
EBC20  3 1    81.990868
EBC20  4 0    1.299942
EBC20  4 1    80.777588
EBC20  5 0    1.295541
EBC20  5 1    82.448517
EBC20  6 0    1.291399
EBC20  6 1    81.058853
EBC20  7 0    1.312608
EBC20  7 1    82.117119
EBC20  8 0    1.283865
EBC20  8 1    80.979691
EBC20  9 0    1.302733
EBC20  9 1    81.646812
EBC20 10 0    1.252393
EBC20 10 1    81.489990
EBC20 11 0    1.309053
EBC20 11 1    81.505852
EBC20 12 0    1.269285
EBC20 12 1    81.184151
EBC20 13 0    1.298775
EBC20 13 1    80.763535
EBC20 14 0    1.314520
EBC20 14 1    81.388809
EBC20 15 0    1.272246
EBC20 15 1    82.698654
EBC20 16 0    1.324154
EBC20 16 1    83.166092
EBC20 17 0    1.308696
EBC20 17 1    81.807594
EBC20 18 0    1.278750
EBC20 18 1    81.839996
EBC20 19 0    1.278750
EBC20 19 1    81.839996
EBC20 20 0    1.297918
EBC20 20 1    81.463829
EBC20 21 0    1.306969
EBC20 21 1    82.750954
EBC20 22 0    1.289494
EBC20 22 1    82.089867
EBC20 23 0    1.308648
EBC20 23 1    81.267166
EBC20 24 0    1.278750
EBC20 24 1    81.839996
EBC20 25 0    1.278750
EBC20 25 1    81.839996
EBC20 26 0    1.278750
EBC20 26 1    81.839996
EBC20 27 0    1.278750
EBC20 27 1    81.839996
EBC20 28 0    1.278750
EBC20 28 1    81.839996
EBC20 29 0    1.278750
EBC20 29 1    81.839996
EBC20 30 0    1.286202
EBC20 30 1    82.822266
EBC20 31 0    1.261502
EBC20 31 1    81.604424
EBC20 32 0    1.325715
EBC20 32 1    81.652870
EBC20 33 0    1.278750
EBC20 33 1    81.839996
EBC20 34 0    1.278750
EBC20 34 1    81.839996
EBC20 35 0    1.300355
EBC20 35 1    82.583298
EBC20 36 0    1.288564
EBC20 36 1    80.199417
EBC20 37 0    1.325500
EBC20 37 1    82.370522
EBC20 38 0    1.250709
EBC20 38 1    80.331390
EBC20 39 0    1.316904
EBC20 39 1    82.557037
EBC20 40 0    1.277947
EBC20 40 1    81.981186
EBC20 41 0    1.296479
EBC20 41 1    80.631683
EBC20 42 0    1.278750
EBC20 42 1    81.839996
EBC20 43 0    1.278750
EBC20 43 1    81.839996
EBC20 44 0    1.278750
EBC20 44 1    81.839996
EBC20 45 0    1.278750
EBC20 45 1    81.839996
EBC20 46 0    1.278750
EBC20 46 1    81.839996
EBC20 47 0    1.278750
EBC20 47 1    81.839996
EBC22  0 0    1.302467
EBC22  0 1    82.190689
EBC22  1 0    1.279999
EBC22  1 1    81.510170
EBC22  2 0    1.301189
EBC22  2 1    80.001358
EBC22  3 0    1.288859
EBC22  3 1    81.100014
EBC22  4 0    1.287005
EBC22  4 1    79.919098
EBC22  5 0    1.287977
EBC22  5 1    80.839035
EBC22  6 0    1.291928
EBC22  6 1    80.099945
EBC22  7 0    1.303273
EBC22  7 1    82.192886
EBC22  8 0    1.316471
EBC22  8 1    80.705521
EBC22  9 0    1.282436
EBC22  9 1    78.282295
EBC22 10 0    1.293251
EBC22 10 1    80.446152
EBC22 11 0    1.277154
EBC22 11 1    81.163780
EBC22 12 0    1.348721
EBC22 12 1    84.273476
EBC22 13 0    1.293040
EBC22 13 1    81.415146
EBC22 14 0    1.293478
EBC22 14 1    82.437332
EBC22 15 0    1.249267
EBC22 15 1    79.630150
EBC22 16 0    1.062103
EBC22 16 1    82.307732
EBC22 17 0    1.262431
EBC22 17 1    79.981224
EBC22 18 0    1.278750
EBC22 18 1    81.839996
EBC22 19 0    1.278750
EBC22 19 1    81.839996
EBC22 20 0    1.287946
EBC22 20 1    80.040421
EBC22 21 0    1.301166
EBC22 21 1    82.118149
EBC22 22 0    1.305635
EBC22 22 1    81.306038
EBC22 23 0    1.257734
EBC22 23 1    80.956390
EBC22 24 0    1.278750
EBC22 24 1    81.839996
EBC22 25 0    1.278750
EBC22 25 1    81.839996
EBC22 26 0    1.278750
EBC22 26 1    81.839996
EBC22 27 0    1.278750
EBC22 27 1    81.839996
EBC22 28 0    1.278750
EBC22 28 1    81.839996
EBC22 29 0    1.278750
EBC22 29 1    81.839996
EBC22 30 0    1.312254
EBC22 30 1    79.319916
EBC22 31 0    1.281277
EBC22 31 1    82.415863
EBC22 32 0    1.298577
EBC22 32 1    79.111839
EBC22 33 0    1.278750
EBC22 33 1    81.839996
EBC22 34 0    1.278750
EBC22 34 1    81.839996
EBC22 35 0    1.293121
EBC22 35 1    79.581200
EBC22 36 0    1.283163
EBC22 36 1    81.855324
EBC22 37 0    1.342752
EBC22 37 1    82.278641
EBC22 38 0    1.310934
EBC22 38 1    79.317406
EBC22 39 0    1.306859
EBC22 39 1    83.219742
EBC22 40 0    1.295121
EBC22 40 1    81.535004
EBC22 41 0    1.276012
EBC22 41 1    79.809509
EBC22 42 0    1.278750
EBC22 42 1    81.839996
EBC22 43 0    1.278750
EBC22 43 1    81.839996
EBC22 44 0    1.278750
EBC22 44 1    81.839996
EBC22 45 0    1.278750
EBC22 45 1    81.839996
EBC22 46 0    1.278750
EBC22 46 1    81.839996
EBC22 47 0    1.278750
EBC22 47 1    81.839996
EBC23  0 0    1.293637
EBC23  0 1    81.687103
EBC23  1 0    1.271711
EBC23  1 1    83.343895
EBC23  2 0    1.273289
EBC23  2 1    79.447403
EBC23  3 0    1.305123
EBC23  3 1    77.347267
EBC23  4 0    1.271421
EBC23  4 1    79.080116
EBC23  5 0    1.270970
EBC23  5 1    81.385002
EBC23  6 0    1.301538
EBC23  6 1    82.012596
EBC23  7 0    1.276047
EBC23  7 1    80.843910
EBC23  8 0    1.314120
EBC23  8 1    82.577812
EBC23  9 0    1.301219
EBC23  9 1    78.097198
EBC23 10 0    1.274360
EBC23 10 1    80.309082
EBC23 11 0    1.291445
EBC23 11 1    81.808945
EBC23 12 0    1.321153
EBC23 12 1    81.054062
EBC23 13 0    1.306055
EBC23 13 1    79.457123
EBC23 14 0    1.323244
EBC23 14 1    81.718506
EBC23 15 0    1.290842
EBC23 15 1    80.960304
EBC23 16 0    1.307003
EBC23 16 1    83.824677
EBC23 17 0    1.303089
EBC23 17 1    81.237122
EBC23 18 0    1.278750
EBC23 18 1    81.839996
EBC23 19 0    1.278750
EBC23 19 1    81.839996
EBC23 20 0    1.292685
EBC23 20 1    78.839317
EBC23 21 0    1.267006
EBC23 21 1    81.916710
EBC23 22 0    1.287848
EBC23 22 1    81.855835
EBC23 23 0    1.287003
EBC23 23 1    81.954269
EBC23 24 0    1.278750
EBC23 24 1    81.839996
EBC23 25 0    1.278750
EBC23 25 1    81.839996
EBC23 26 0    1.278750
EBC23 26 1    81.839996
EBC23 27 0    1.278750
EBC23 27 1    81.839996
EBC23 28 0    1.278750
EBC23 28 1    81.839996
EBC23 29 0    1.278750
EBC23 29 1    81.839996
EBC23 30 0    1.306336
EBC23 30 1    78.845749
EBC23 31 0    1.016769
EBC23 31 1    82.007942
EBC23 32 0    1.305505
EBC23 32 1    80.006165
EBC23 33 0    1.278750
EBC23 33 1    81.839996
EBC23 34 0    1.278750
EBC23 34 1    81.839996
EBC23 35 0    1.299812
EBC23 35 1    79.744987
EBC23 36 0    1.278411
EBC23 36 1    69.174286
EBC23 37 0    1.284189
EBC23 37 1    82.605072
EBC23 38 0    1.319352
EBC23 38 1    82.222542
EBC23 39 0    1.303701
EBC23 39 1    81.525055
EBC23 40 0    1.290160
EBC23 40 1    82.825630
EBC23 41 0    1.319327
EBC23 41 1    81.527069
EBC23 42 0    1.278750
EBC23 42 1    81.839996
EBC23 43 0    1.278750
EBC23 43 1    81.839996
EBC23 44 0    1.278750
EBC23 44 1    81.839996
EBC23 45 0    1.278750
EBC23 45 1    81.839996
EBC23 46 0    1.278750
EBC23 46 1    81.839996
EBC23 47 0    1.278750
EBC23 47 1    81.839996
EBC61  0 0    1.291145
EBC61  0 1    81.435982
EBC61  1 0    1.262026
EBC61  1 1    82.025787
EBC61  2 0    1.299194
EBC61  2 1    80.407043
EBC61  3 0    1.272508
EBC61  3 1    80.491302
EBC61  4 0    1.226193
EBC61  4 1    81.739563
EBC61  5 0    1.289057
EBC61  5 1    79.286003
EBC61  6 0    1.311629
EBC61  6 1    79.972946
EBC61  7 0    1.324504
EBC61  7 1    81.329147
EBC61  8 0    1.155483
EBC61  8 1    78.993904
EBC61  9 0    1.261954
EBC61  9 1    81.578064
EBC61 10 0    1.264140
EBC61 10 1    81.097023
EBC61 11 0    1.256396
EBC61 11 1    80.859741
EBC61 12 0    1.279245
EBC61 12 1    79.980637
EBC61 13 0    1.303496
EBC61 13 1    81.807281
EBC61 14 0    1.293240
EBC61 14 1    81.112480
EBC61 15 0    1.282857
EBC61 15 1    81.666077
EBC61 16 0    1.295590
EBC61 16 1    80.892899
EBC61 17 0    1.274514
EBC61 17 1    81.629379
EBC61 18 0    1.278750
EBC61 18 1    81.839996
EBC61 19 0    1.278750
EBC61 19 1    81.839996
EBC61 20 0    1.263355
EBC61 20 1    80.379341
EBC61 21 0    1.289330
EBC61 21 1    79.726860
EBC61 22 0    1.278820
EBC61 22 1    77.907219
EBC61 23 0    1.292929
EBC61 23 1    80.030983
EBC61 24 0    1.278750
EBC61 24 1    81.839996
EBC61 25 0    1.278750
EBC61 25 1    81.839996
EBC61 26 0    1.278750
EBC61 26 1    81.839996
EBC61 27 0    1.278750
EBC61 27 1    81.839996
EBC61 28 0    1.278750
EBC61 28 1    81.839996
EBC61 29 0    1.278750
EBC61 29 1    81.839996
EBC61 30 0    1.284200
EBC61 30 1    81.707344
EBC61 31 0    1.311537
EBC61 31 1    81.827087
EBC61 32 0    1.333250
EBC61 32 1    81.086266
EBC61 33 0    1.278750
EBC61 33 1    81.839996
EBC61 34 0    1.278750
EBC61 34 1    81.839996
EBC61 35 0    1.323283
EBC61 35 1    84.026978
EBC61 36 0    1.285293
EBC61 36 1    81.003311
EBC61 37 0    1.297200
EBC61 37 1    80.902901
EBC61 38 0    1.289310
EBC61 38 1    82.661903
EBC61 39 0    1.278549
EBC61 39 1    80.071892
EBC61 40 0    1.238838
EBC61 40 1    79.602173
EBC61 41 0    1.312610
EBC61 41 1    82.386726
EBC61 42 0    1.278750
EBC61 42 1    81.839996
EBC61 43 0    1.278750
EBC61 43 1    81.839996
EBC61 44 0    1.278750
EBC61 44 1    81.839996
EBC61 45 0    1.278750
EBC61 45 1    81.839996
EBC61 46 0    1.278750
EBC61 46 1    81.839996
EBC61 47 0    1.278750
EBC61 47 1    81.839996
 37 drawers are preseint in DB
