10.4102 10.4511
11.2109 11.2625	
12.0117 12.0756 
12.8125 12.9334
25.625 26.0235
38.4375 39.0925
51.25 52.0751
64.0626 65.0278
76.8751 77.9821
89.6876 90.8912
102.5 103.809
115.313 116.69
128.125 129.57
140.938 142.433
153.75 155.246 
166.563 168.027
179.375 180.812
192.188 193.492
205. 206.152
217.813 218.916
230.625 231.698
243.438 244.464
256.25 257.253
269.063 270.026
281.875 282.816
294.688 295.566
307.5 308.323
320.313 321.092
333.125 333.854
345.938 346.636
358.75 359.426
371.563 372.184
384.375 384.942
397.188 397.716
410. 410.47
422.813 423.25
435.625 436.028
448.438 448.824
461.25 461.586
474.063 474.375
486.875 487.148
499.688 499.846
