Schema: sqlite://;schema=results/tileSqlite.db;dbname=CONDBR2 
Folder: /TILE/OFL02/CALIB/CIS/LIN 
Tag: RUN2-HLT-UPD1-00 

USING ONLY 1 IOV
IOV: [402124,0] - [2147483647,4294967295]

run 402124
channel 		 | 	 old DB value 	 | 	 new DB value 	 | 	 difference
TILECAL_EBC_m01_c02_highgain 	 80.8724594116211 	 80.310265 	 -0.006951617592827988
TILECAL_EBC_m01_c03_highgain 	 81.58314514160156 	 81.144478 	 -0.005376933444281582
TILECAL_EBC_m01_c11_highgain 	 79.65666198730469 	 79.070068 	 -0.007364029230827798
TILECAL_EBC_m01_c12_highgain 	 80.50713348388672 	 80.014252 	 -0.006122208834889999
TILECAL_EBC_m01_c15_highgain 	 79.74978637695312 	 79.176819 	 -0.007184563156632003
TILECAL_EBC_m01_c17_highgain 	 81.00125122070312 	 80.532356 	 -0.005788740465570574
TILECAL_EBC_m01_c31_highgain 	 78.8260726928711 	 78.236771 	 -0.007475974290475907
TILECAL_EBC_m01_c35_highgain 	 81.02041625976562 	 80.553177 	 -0.005766932352798202
TILECAL_EBC_m01_c36_highgain 	 79.56316375732422 	 78.989746 	 -0.007207075865826613
TILECAL_EBC_m01_c38_highgain 	 81.84038543701172 	 81.426964 	 -0.00505155779514149
TILECAL_EBC_m01_c39_highgain 	 81.69048309326172 	 81.276085 	 -0.005072782992219883
TILECAL_EBC_m01_c40_highgain 	 80.14134979248047 	 79.588127 	 -0.006903088030248982
TILECAL_EBC_m01_c41_highgain 	 81.93114471435547 	 81.513107 	 -0.005102305305423343
TILECAL_EBC_m02_c00_highgain 	 81.22186279296875 	 80.704948 	 -0.0063642321807657045
TILECAL_EBC_m02_c01_highgain 	 80.43879699707031 	 79.978287 	 -0.005724973697544113
TILECAL_EBC_m02_c02_highgain 	 80.07647705078125 	 79.556572 	 -0.006492606442358155
TILECAL_EBC_m02_c03_highgain 	 79.72679138183594 	 79.181473 	 -0.006839838558462041
TILECAL_EBC_m02_c04_highgain 	 81.50444030761719 	 81.023834 	 -0.0058966886442416025
TILECAL_EBC_m02_c05_highgain 	 80.00696563720703 	 79.501595 	 -0.0063165829772703595
TILECAL_EBC_m02_c10_highgain 	 80.27335357666016 	 79.782257 	 -0.006117803166042679
TILECAL_EBC_m02_c11_highgain 	 80.83531951904297 	 80.343063 	 -0.006089621739257225
TILECAL_EBC_m02_c12_highgain 	 82.86785888671875 	 82.350677 	 -0.006241043194150082
TILECAL_EBC_m02_c13_highgain 	 83.03597259521484 	 82.526184 	 -0.006139370435268689
TILECAL_EBC_m02_c14_highgain 	 81.3254623413086 	 80.841324 	 -0.00595309669776915
TILECAL_EBC_m02_c15_highgain 	 79.68929290771484 	 79.220345 	 -0.005884704087635963
TILECAL_EBC_m02_c16_highgain 	 80.97520446777344 	 80.477203 	 -0.006150048907522419
TILECAL_EBC_m02_c17_highgain 	 81.53870391845703 	 81.041214 	 -0.006101273316222326
TILECAL_EBC_m02_c20_highgain 	 80.67088317871094 	 80.181114 	 -0.006071201397732979
TILECAL_EBC_m02_c21_highgain 	 80.53044891357422 	 80.0578 	 -0.005869195067836617
TILECAL_EBC_m02_c22_highgain 	 81.09527587890625 	 80.586777 	 -0.006270388421460665
TILECAL_EBC_m02_c23_highgain 	 81.81375885009766 	 81.300674 	 -0.006271376077925345
TILECAL_EBC_m02_c39_highgain 	 80.74007415771484 	 80.333725 	 -0.00503280634745386
TILECAL_EBC_m03_c01_highgain 	 81.76850891113281 	 81.343719 	 -0.005195030663876814
TILECAL_EBC_m03_c12_highgain 	 82.00016784667969 	 81.475937 	 -0.006393046019855343
TILECAL_EBC_m03_c15_highgain 	 79.56062316894531 	 79.154434 	 -0.0051054045678197305
TILECAL_EBC_m03_c22_highgain 	 81.38231658935547 	 80.932281 	 -0.0055298940631818855
TILECAL_EBC_m03_c37_highgain 	 79.92655181884766 	 79.509415 	 -0.005219001812978076
TILECAL_EBC_m04_c01_highgain 	 81.38999938964844 	 80.970581 	 -0.0051531931784457715
TILECAL_EBC_m05_c00_highgain 	 81.55110931396484 	 81.120056 	 -0.005285683022475143
TILECAL_EBC_m05_c01_highgain 	 81.6791763305664 	 81.229645 	 -0.0055036222298213274
TILECAL_EBC_m05_c02_highgain 	 81.81941986083984 	 81.385651 	 -0.00530153918932218
TILECAL_EBC_m05_c05_highgain 	 82.90556335449219 	 82.454506 	 -0.005440616241440114
TILECAL_EBC_m05_c20_highgain 	 80.0999984741211 	 79.678261 	 -0.005265137105556169
TILECAL_EBC_m05_c23_highgain 	 80.86000061035156 	 80.447273 	 -0.005104224675194106
TILECAL_EBC_m05_c30_highgain 	 82.02523803710938 	 81.593025 	 -0.005269268915913886
TILECAL_EBC_m05_c35_highgain 	 79.19141387939453 	 78.74614 	 -0.005622754508117121
TILECAL_EBC_m05_c37_highgain 	 80.04135131835938 	 79.516647 	 -0.00655541554105441
TILECAL_EBC_m06_c02_highgain 	 79.32117462158203 	 78.899979 	 -0.005310002323987632
TILECAL_EBC_m06_c13_highgain 	 82.01575469970703 	 81.582405 	 -0.005283737268451727
TILECAL_EBC_m06_c17_highgain 	 84.14812469482422 	 83.723671 	 -0.005044125420068097
TILECAL_EBC_m06_c36_highgain 	 80.67023468017578 	 80.228287 	 -0.005478447929746666
TILECAL_EBC_m07_c15_highgain 	 82.08393096923828 	 81.636337 	 -0.005452881751070423
TILECAL_EBC_m07_c30_highgain 	 82.38168334960938 	 81.929367 	 -0.005490496566935234
TILECAL_EBC_m07_c31_highgain 	 82.98877716064453 	 82.554672 	 -0.005230889952797122
TILECAL_EBC_m08_c00_highgain 	 81.4344482421875 	 81.00425 	 -0.005282755043763345
TILECAL_EBC_m08_c01_highgain 	 79.54808044433594 	 79.076584 	 -0.005927188207462429
TILECAL_EBC_m08_c02_highgain 	 81.3064193725586 	 80.847404 	 -0.005645499778502321
TILECAL_EBC_m08_c04_highgain 	 82.2785415649414 	 81.862045 	 -0.005062031448536019
TILECAL_EBC_m08_c23_highgain 	 82.82928466796875 	 82.409142 	 -0.00507239280953518
TILECAL_EBC_m09_c00_highgain 	 80.42083740234375 	 79.626518 	 -0.009877034708924783
TILECAL_EBC_m09_c00_lowgain 	 1.2751649618148804 	 1.267672 	 -0.00587607253905102
TILECAL_EBC_m09_c01_highgain 	 80.83946990966797 	 80.196198 	 -0.007957398909057436
TILECAL_EBC_m09_c01_lowgain 	 1.2831939458847046 	 1.275743 	 -0.005806562529850019
TILECAL_EBC_m09_c02_highgain 	 80.11022186279297 	 79.445877 	 -0.008292885069408684
TILECAL_EBC_m09_c02_lowgain 	 1.2969640493392944 	 1.288197 	 -0.006759670280576049
TILECAL_EBC_m09_c03_highgain 	 81.00563049316406 	 80.419075 	 -0.007240922508634192
TILECAL_EBC_m09_c03_lowgain 	 1.2807409763336182 	 1.27264 	 -0.006325226164629217
TILECAL_EBC_m09_c04_highgain 	 79.49618530273438 	 78.83345 	 -0.008336693140816408
TILECAL_EBC_m09_c04_lowgain 	 1.2931209802627563 	 1.286253 	 -0.0053111660607043235
TILECAL_EBC_m09_c05_highgain 	 81.31708526611328 	 80.62989 	 -0.008450810353868504
TILECAL_EBC_m09_c05_lowgain 	 1.2930361032485962 	 1.282824 	 -0.007897771162722802
TILECAL_EBC_m09_c06_lowgain 	 1.2962700128555298 	 1.289347 	 -0.005340718204441978
TILECAL_EBC_m09_c07_highgain 	 82.38949584960938 	 81.823204 	 -0.006873350100880073
TILECAL_EBC_m09_c08_highgain 	 82.23172760009766 	 81.485725 	 -0.009071955823736922
TILECAL_EBC_m09_c10_highgain 	 79.9449234008789 	 79.286377 	 -0.008237501180364688
TILECAL_EBC_m09_c10_lowgain 	 1.3125059604644775 	 1.30308 	 -0.007181651549332246
TILECAL_EBC_m09_c11_highgain 	 81.73212432861328 	 81.072441 	 -0.008071285728007653
TILECAL_EBC_m09_c12_highgain 	 81.27967071533203 	 80.516441 	 -0.009390167413511194
TILECAL_EBC_m09_c13_highgain 	 82.56913757324219 	 81.916695 	 -0.007901772895029212
TILECAL_EBC_m09_c14_highgain 	 81.72195434570312 	 80.993027 	 -0.008919602468384354
TILECAL_EBC_m09_c14_lowgain 	 1.2754859924316406 	 1.268721 	 -0.005303854743824798
TILECAL_EBC_m09_c15_highgain 	 83.28884887695312 	 82.466331 	 -0.00987548619105393
TILECAL_EBC_m09_c15_lowgain 	 1.3084369897842407 	 1.300267 	 -0.0062440834736626335
TILECAL_EBC_m09_c17_lowgain 	 1.3137869834899902 	 1.304371 	 -0.007167054939893936
TILECAL_EBC_m09_c20_highgain 	 82.07052612304688 	 81.430038 	 -0.007804118644086751
TILECAL_EBC_m09_c20_lowgain 	 1.3042229413986206 	 1.296934 	 -0.005588723497536449
TILECAL_EBC_m09_c21_highgain 	 81.62150573730469 	 80.825348 	 -0.009754264272789597
TILECAL_EBC_m09_c21_lowgain 	 1.297253966331482 	 1.288494 	 -0.006752699593784482
TILECAL_EBC_m09_c22_lowgain 	 1.3086973428726196 	 1.298504 	 -0.007788923029556179
TILECAL_EBC_m09_c23_highgain 	 82.861328125 	 82.137207 	 -0.008738951467295183
TILECAL_EBC_m09_c39_highgain 	 81.15375518798828 	 80.640167 	 -0.006328581922038934
TILECAL_EBC_m10_c14_highgain 	 80.09148406982422 	 79.680473 	 -0.0051317699328169595
TILECAL_EBC_m10_c23_highgain 	 81.07134246826172 	 80.653885 	 -0.005149260583974478
TILECAL_EBC_m11_c16_highgain 	 82.7749252319336 	 82.343155 	 -0.00521619597630305
TILECAL_EBC_m11_c17_highgain 	 83.95777130126953 	 83.536484 	 -0.00501784760052533
TILECAL_EBC_m11_c20_highgain 	 82.82670593261719 	 82.352821 	 -0.005721402623481198
TILECAL_EBC_m11_c21_highgain 	 82.23127746582031 	 81.782135 	 -0.005461941972225876
TILECAL_EBC_m11_c23_highgain 	 81.20419311523438 	 80.779045 	 -0.0052355438669412545
TILECAL_EBC_m12_c15_highgain 	 80.65447998046875 	 80.242699 	 -0.005105494208982129
TILECAL_EBC_m13_c03_lowgain 	 1.3505414724349976 	 1.337395 	 -0.009734223423213253
TILECAL_EBC_m13_c06_highgain 	 82.1602554321289 	 81.733765 	 -0.005190957962408198
TILECAL_EBC_m13_c11_highgain 	 80.8399887084961 	 80.429352 	 -0.005079623526134194
TILECAL_EBC_m13_c20_highgain 	 78.30323028564453 	 77.869873 	 -0.005534347485584909
TILECAL_EBC_m13_c21_highgain 	 80.86967468261719 	 80.447235 	 -0.0052237094346564
TILECAL_EBC_m13_c32_highgain 	 81.53514099121094 	 81.104691 	 -0.005279318659145205
TILECAL_EBC_m14_c01_highgain 	 79.65258026123047 	 79.250305 	 -0.005050373257352869
TILECAL_EBC_m14_c08_highgain 	 81.08644104003906 	 80.64357 	 -0.00546171510746641
TILECAL_EBC_m15_c16_highgain 	 79.93000030517578 	 79.156227 	 -0.009680636834999175
TILECAL_EBC_m15_c36_highgain 	 80.95006561279297 	 80.517067 	 -0.005348959380269389
TILECAL_EBC_m16_c10_highgain 	 79.80999755859375 	 79.330864 	 -0.0060034278066727325
TILECAL_EBC_m16_c13_highgain 	 80.08000183105469 	 79.607162 	 -0.005904593159878273
TILECAL_EBC_m16_c20_highgain 	 83.47000122070312 	 82.924133 	 -0.006539693455374423
TILECAL_EBC_m16_c21_highgain 	 82.69000244140625 	 82.031387 	 -0.007964873889959631
TILECAL_EBC_m16_c22_highgain 	 81.45701599121094 	 80.930161 	 -0.006467889656893225
TILECAL_EBC_m16_c23_highgain 	 79.51000213623047 	 78.544586 	 -0.012142071567000505
TILECAL_EBC_m16_c40_highgain 	 79.9000015258789 	 79.452545 	 -0.0056002067250772005
TILECAL_EBC_m17_c00_highgain 	 81.92657470703125 	 81.43203 	 -0.006036438222881163
TILECAL_EBC_m17_c01_highgain 	 80.68867492675781 	 80.162025 	 -0.006526937358134333
TILECAL_EBC_m17_c04_highgain 	 81.16114044189453 	 80.705132 	 -0.0056185563609840354
TILECAL_EBC_m17_c14_highgain 	 81.02753448486328 	 80.533882 	 -0.006092404119188579
TILECAL_EBC_m17_c16_highgain 	 81.27125549316406 	 80.860756 	 -0.005050980087278161
TILECAL_EBC_m17_c31_highgain 	 82.37522888183594 	 81.920006 	 -0.0055262108283660885
TILECAL_EBC_m17_c37_highgain 	 80.35075378417969 	 79.916626 	 -0.005402908668980894
TILECAL_EBC_m17_c38_highgain 	 81.66545867919922 	 81.174065 	 -0.006017154463425324
TILECAL_EBC_m17_c41_highgain 	 79.4572525024414 	 78.935432 	 -0.006567311176854082
TILECAL_EBC_m18_c04_lowgain 	 0.65140700340271 	 0.839374 	 0.2885553818356568
TILECAL_EBC_m21_c00_highgain 	 81.33102416992188 	 80.864418 	 -0.005737123990311638
TILECAL_EBC_m22_c16_lowgain 	 1.2382320165634155 	 1.263893 	 0.020723889459589168
TILECAL_EBC_m22_c40_highgain 	 81.52373504638672 	 81.105431 	 -0.005131070677131137
TILECAL_EBC_m23_c01_highgain 	 83.39543914794922 	 82.938797 	 -0.005475624957608418
TILECAL_EBC_m23_c01_lowgain 	 1.2710460424423218 	 1.278161 	 0.005597718194383342
TILECAL_EBC_m23_c02_highgain 	 79.49934387207031 	 79.054131 	 -0.005600208132368328
TILECAL_EBC_m23_c03_highgain 	 75.99337768554688 	 75.364647 	 -0.008273493094996984
TILECAL_EBC_m23_c05_highgain 	 81.4240493774414 	 80.912521 	 -0.006282276321952706
TILECAL_EBC_m23_c06_highgain 	 82.04717254638672 	 81.580772 	 -0.005684541367017072
TILECAL_EBC_m23_c07_highgain 	 80.89009094238281 	 80.427673 	 -0.0057166203795244765
TILECAL_EBC_m23_c08_highgain 	 82.61629486083984 	 82.124649 	 -0.00595095509509322
TILECAL_EBC_m23_c08_lowgain 	 1.3219170570373535 	 1.315097 	 -0.005159217063617056
TILECAL_EBC_m23_c09_highgain 	 78.12984466552734 	 77.673561 	 -0.005840068766048116
TILECAL_EBC_m23_c10_highgain 	 80.33717346191406 	 79.876602 	 -0.0057329806622136515
TILECAL_EBC_m23_c11_highgain 	 81.8401107788086 	 81.331291 	 -0.006217242058528014
TILECAL_EBC_m23_c12_highgain 	 81.08541107177734 	 80.667557 	 -0.005153258351338373
TILECAL_EBC_m23_c13_highgain 	 79.48130798339844 	 78.959511 	 -0.006565027635270182
TILECAL_EBC_m23_c14_highgain 	 81.75534057617188 	 81.295158 	 -0.005628776945074552
TILECAL_EBC_m23_c15_highgain 	 80.99358367919922 	 80.563095 	 -0.005315096080997003
TILECAL_EBC_m23_c16_highgain 	 83.89359283447266 	 83.390762 	 -0.0059936738609440415
TILECAL_EBC_m23_c17_highgain 	 81.24970245361328 	 80.757324 	 -0.006060064698629399
TILECAL_EBC_m23_c21_highgain 	 81.94959259033203 	 81.463432 	 -0.0059324344998560544
TILECAL_EBC_m23_c22_highgain 	 81.87562561035156 	 81.420944 	 -0.005553320746706712
TILECAL_EBC_m23_c23_highgain 	 81.98896789550781 	 81.555954 	 -0.005281367806211128
TILECAL_EBC_m23_c30_highgain 	 78.87933349609375 	 78.481789 	 -0.00503990688655389
TILECAL_EBC_m23_c31_highgain 	 82.0213851928711 	 81.608574 	 -0.0050329702662345295
TILECAL_EBC_m23_c35_highgain 	 79.7586898803711 	 79.303734 	 -0.0057041543818419005
TILECAL_EBC_m23_c36_highgain 	 68.64212799072266 	 67.80822 	 -0.012148632554564123
TILECAL_EBC_m23_c37_highgain 	 82.62554168701172 	 82.11496 	 -0.006179465533137715
TILECAL_EBC_m23_c38_highgain 	 82.23546600341797 	 81.719582 	 -0.006273254454428754
TILECAL_EBC_m23_c39_highgain 	 81.52642822265625 	 81.049194 	 -0.005853736427074654
TILECAL_EBC_m23_c40_highgain 	 82.83302307128906 	 82.381569 	 -0.005450170168249516
TILECAL_EBC_m23_c41_highgain 	 81.52825164794922 	 80.936752 	 -0.007255149423581427
TILECAL_EBC_m24_c00_highgain 	 84.49384307861328 	 83.952126 	 -0.006411320149200214
TILECAL_EBC_m24_c01_highgain 	 82.9919662475586 	 82.530952 	 -0.005554926198319303
TILECAL_EBC_m24_c02_highgain 	 81.31463623046875 	 80.856178 	 -0.005638077617039931
TILECAL_EBC_m24_c03_highgain 	 82.09493255615234 	 81.59523 	 -0.006086886737016928
TILECAL_EBC_m24_c04_highgain 	 81.03263854980469 	 80.55954 	 -0.005838370294630242
TILECAL_EBC_m24_c05_highgain 	 80.46720886230469 	 80.031349 	 -0.005416614649211011
TILECAL_EBC_m24_c06_highgain 	 80.43611145019531 	 79.986183 	 -0.005593612645905984
TILECAL_EBC_m24_c07_highgain 	 80.380859375 	 79.957779 	 -0.005263446774389476
TILECAL_EBC_m24_c08_highgain 	 82.51602935791016 	 82.054024 	 -0.005598977089726739
TILECAL_EBC_m24_c09_highgain 	 80.97088623046875 	 80.452103 	 -0.006407034115844242
TILECAL_EBC_m24_c10_highgain 	 78.47664642333984 	 78.071564 	 -0.005161821278073531
TILECAL_EBC_m24_c11_highgain 	 78.6602554321289 	 78.13356 	 -0.0066958266183531085
TILECAL_EBC_m24_c11_lowgain 	 1.2928639650344849 	 1.28583 	 -0.005440607229158264
TILECAL_EBC_m24_c14_highgain 	 82.754638671875 	 82.324005 	 -0.005203740585255622
TILECAL_EBC_m24_c15_highgain 	 83.2616195678711 	 82.833069 	 -0.005147036174593794
TILECAL_EBC_m24_c16_highgain 	 81.49581146240234 	 81.057289 	 -0.005380920252627419
TILECAL_EBC_m24_c17_highgain 	 81.5675048828125 	 81.146637 	 -0.005159749380800108
TILECAL_EBC_m24_c22_highgain 	 80.9197769165039 	 80.480484 	 -0.005428746015416988
TILECAL_EBC_m24_c23_highgain 	 80.43095397949219 	 80.01326 	 -0.005193199369470194
TILECAL_EBC_m24_c30_highgain 	 78.17427825927734 	 77.637177 	 -0.00687056243098233
TILECAL_EBC_m24_c31_highgain 	 81.86441802978516 	 81.453842 	 -0.005015317272954652
TILECAL_EBC_m24_c32_highgain 	 82.70276641845703 	 82.178909 	 -0.006334218807221374
TILECAL_EBC_m24_c35_highgain 	 82.4623031616211 	 82.040665 	 -0.005113101932099864
TILECAL_EBC_m24_c37_highgain 	 78.98224639892578 	 78.563499 	 -0.00530179145337
TILECAL_EBC_m24_c38_highgain 	 80.61092376708984 	 80.201271 	 -0.005081851788145402
TILECAL_EBC_m24_c39_highgain 	 77.85920715332031 	 77.370445 	 -0.006277512592156745
TILECAL_EBC_m24_c41_highgain 	 81.65251922607422 	 81.221512 	 -0.005278553927783534
TILECAL_EBC_m25_c21_highgain 	 80.19744873046875 	 79.751747 	 -0.005557554978671331
TILECAL_EBC_m25_c22_highgain 	 79.64287567138672 	 79.186234 	 -0.00573361606467931
TILECAL_EBC_m25_c23_highgain 	 82.30818176269531 	 81.872467 	 -0.005293699281944192
TILECAL_EBC_m25_c38_highgain 	 82.259521484375 	 81.728706 	 -0.0064529366910531395
TILECAL_EBC_m25_c40_highgain 	 81.45999908447266 	 81.047501 	 -0.005063811553016416
TILECAL_EBC_m26_c13_highgain 	 79.18941497802734 	 78.774872 	 -0.005234828141391938
TILECAL_EBC_m27_c31_highgain 	 79.6233901977539 	 79.147758 	 -0.005973523566035339
TILECAL_EBC_m31_c03_highgain 	 83.04961395263672 	 82.621033 	 -0.0051605411782063414
TILECAL_EBC_m31_c08_highgain 	 81.64414978027344 	 81.211685 	 -0.005296947563754596
TILECAL_EBC_m35_c00_highgain 	 83.3198471069336 	 82.902763 	 -0.005005819398567911
TILECAL_EBC_m35_c03_highgain 	 82.86359405517578 	 82.408791 	 -0.005488575053514468
TILECAL_EBC_m36_c39_highgain 	 80.58763885498047 	 80.174461 	 -0.005127062423605675
TILECAL_EBC_m36_c41_highgain 	 82.36934661865234 	 81.956879 	 -0.005007537823044243
TILECAL_EBC_m49_c15_highgain 	 82.44939422607422 	 81.999672 	 -0.0054545243211986194
TILECAL_EBC_m49_c21_highgain 	 80.87570190429688 	 80.408318 	 -0.005779039851177465
TILECAL_EBC_m50_c01_highgain 	 79.8499984741211 	 79.378967 	 -0.005898954077923361
TILECAL_EBC_m50_c03_highgain 	 79.89912414550781 	 79.490875 	 -0.005109557205712661
TILECAL_EBC_m50_c04_highgain 	 80.87464904785156 	 80.466072 	 -0.005051979237768568
TILECAL_EBC_m50_c05_highgain 	 83.54441833496094 	 83.077866 	 -0.0055844824137784264
TILECAL_EBC_m50_c15_highgain 	 80.9793930053711 	 80.571289 	 -0.005039603166005857
TILECAL_EBC_m50_c20_highgain 	 77.42157745361328 	 76.989212 	 -0.005584560116620406
TILECAL_EBC_m51_c10_highgain 	 81.08575439453125 	 80.67012 	 -0.005125862090509019
TILECAL_EBC_m51_c11_highgain 	 81.54426574707031 	 81.120827 	 -0.005192747070452591
TILECAL_EBC_m52_c12_highgain 	 83.30999755859375 	 82.868378 	 -0.0053009191157776985
TILECAL_EBC_m52_c13_highgain 	 80.5199966430664 	 80.074379 	 -0.005534248157532495
TILECAL_EBC_m52_c14_highgain 	 80.36097717285156 	 79.913742 	 -0.0055653277073720465
TILECAL_EBC_m52_c35_lowgain 	 1.2921810150146484 	 1.299538 	 0.005693463144765553
TILECAL_EBC_m52_c41_highgain 	 81.95179748535156 	 81.295433 	 -0.008009153008131169
TILECAL_EBC_m56_c41_lowgain 	 1.1971206665039062 	 1.184028 	 -0.010936797659790002
TILECAL_EBC_m57_c11_highgain 	 80.92597961425781 	 80.344292 	 -0.007187897100912362
TILECAL_EBC_m57_c14_highgain 	 80.05999755859375 	 79.658035 	 -0.005020766560722992
TILECAL_EBC_m57_c37_highgain 	 81.43000030517578 	 81.0158 	 -0.00508658115711017
TILECAL_EBC_m61_c12_lowgain 	 1.2802259922027588 	 1.273811 	 -0.005010827964616714
TILECAL_EBC_m62_c10_lowgain 	 1.2876310348510742 	 1.294384 	 0.005244487719035756
TILECAL_EBC_m64_c30_highgain 	 79.57411193847656 	 79.137337 	 -0.005488907483055
TILECAL_EBC_m64_c35_highgain 	 78.31806945800781 	 77.648911 	 -0.008544113288780698
TILECAL_EBC_m64_c35_lowgain 	 1.252621054649353 	 1.259515 	 0.00550361605775239
TILECAL_EBC_m64_c37_lowgain 	 1.2913260459899902 	 1.298352 	 0.005440883061119777
TILECAL_EBC_m64_c38_highgain 	 81.22156524658203 	 80.809303 	 -0.005075773230058259
updated: 225	  good: 215
>5 percent change: 1
Masked channels: 5
EBC56 c41/p41 lowgain
EBC57 c37/p38 highgain
EBC57 c14/p15 highgain
EBC18 c04/p05 lowgain
EBC22 c16/p17 lowgain
 Affected channels: 5
EBC50 c01/p02 highgain
EBC13 c03/p04 lowgain
EBC23 c36/p44 highgain
EBC23 c01/p02 lowgain
EBC23 c03/p04 highgain