12.900 
12.840 
12.970 
12.900 
12.880 
12.890 
12.790 
12.980 
12.890 
12.570 
12.910 
12.810 
13.200 
12.600 
12.620 
12.780 
12.950 
12.800 
12.870 
12.880 
12.770 
13.060 
13.000 
12.870 
12.580 
12.880 
13.000 
12.880 
13.060 
12.990 
12.980 
13.060 
12.580 
12.760 
12.650 
12.690 
12.830 
12.830 
12.720 
12.390 
12.970 
12.940 
13.000 
12.620 
12.950 
13.050 
12.770 
12.790 
12.870 
13.180 
12.740 
13.000 
12.840 
12.840 
12.880 
12.830 
12.730 
12.520 
12.900 
12.780 
12.880 
12.770 
12.880 
13.060 
2022.10.20 03:34:45.595, LVPS_63, Reading= 15.795422440313, Threshold= 12.88
2022.11.14 20:52:17.283, LVPS_38, Reading= 12.899948747344, Threshold= 12.83
