LBA02  0 0    1.281531
LBA02  0 1    79.092537
LBA02  1 0    1.279965
LBA02  1 1    80.956383
LBA02  2 0    1.267981
LBA02  2 1    79.504906
LBA02  3 0    1.301257
LBA02  3 1    85.330002
LBA02  4 0    1.283775
LBA02  4 1    82.723831
LBA02  5 0    1.246732
LBA02  5 1    81.328850
LBA02  6 0    1.220565
LBA02  6 1    75.483788
LBA02  7 0    1.278444
LBA02  7 1    79.711227
LBA02  8 0    1.301183
LBA02  8 1    80.385117
LBA02  9 0    1.308971
LBA02  9 1    82.208801
LBA02 10 0    1.305958
LBA02 10 1    82.787788
LBA02 11 0    1.299583
LBA02 11 1    82.207672
LBA02 12 0    1.313924
LBA02 12 1    83.191391
LBA02 13 0    1.285907
LBA02 13 1    80.532875
LBA02 14 0    1.237918
LBA02 14 1    79.946236
LBA02 15 0    1.285358
LBA02 15 1    81.372772
LBA02 16 0    1.306240
LBA02 16 1    81.895927
LBA02 17 0    1.295671
LBA02 17 1    81.146393
LBA02 18 0    1.267900
LBA02 18 1    82.727951
LBA02 19 0    1.271789
LBA02 19 1    83.930695
LBA02 20 0    1.286490
LBA02 20 1    81.138260
LBA02 21 0    1.304721
LBA02 21 1    81.853416
LBA02 22 0    1.289928
LBA02 22 1    80.904160
LBA02 23 0    1.283373
LBA02 23 1    81.876709
LBA02 24 0    1.305912
LBA02 24 1    81.444031
LBA02 25 0    1.268806
LBA02 25 1    82.223816
LBA02 26 0    1.277164
LBA02 26 1    81.068947
LBA02 27 0    1.283244
LBA02 27 1    81.325623
LBA02 28 0    1.299510
LBA02 28 1    82.228470
LBA02 29 0    1.259928
LBA02 29 1    79.512299
LBA02 30 0    1.278750
LBA02 30 1    81.839996
LBA02 31 0    1.278750
LBA02 31 1    81.839996
LBA02 32 0    1.304690
LBA02 32 1    81.540619
LBA02 33 0    1.290038
LBA02 33 1    78.949196
LBA02 34 0    1.279298
LBA02 34 1    81.782761
LBA02 35 0    1.298932
LBA02 35 1    80.829872
LBA02 36 0    1.269945
LBA02 36 1    81.266563
LBA02 37 0    1.297880
LBA02 37 1    79.276169
LBA02 38 0    1.292382
LBA02 38 1    81.327393
LBA02 39 0    1.270282
LBA02 39 1    81.589706
LBA02 40 0    1.311627
LBA02 40 1    82.350510
LBA02 41 0    1.283082
LBA02 41 1    80.510780
LBA02 42 0    1.303671
LBA02 42 1    79.915497
LBA02 43 0    1.278750
LBA02 43 1    81.839996
LBA02 44 0    1.309950
LBA02 44 1    80.940269
LBA02 45 0    1.242975
LBA02 45 1    82.563324
LBA02 46 0    1.284150
LBA02 46 1    81.601227
LBA02 47 0    1.282255
LBA02 47 1    81.513962
LBA18  0 0    1.325208
LBA18  0 1    82.323364
LBA18  1 0    1.291943
LBA18  1 1    81.260002
LBA18  2 0    1.293163
LBA18  2 1    80.643089
LBA18  3 0    1.257355
LBA18  3 1    82.082809
LBA18  4 0    1.283617
LBA18  4 1    81.738129
LBA18  5 0    1.295149
LBA18  5 1    80.639893
LBA18  6 0    1.267003
LBA18  6 1    79.616020
LBA18  7 0    1.262760
LBA18  7 1    81.724602
LBA18  8 0    1.290685
LBA18  8 1    79.417023
LBA18  9 0    1.290000
LBA18  9 1    80.862343
LBA18 10 0    1.297712
LBA18 10 1    80.519608
LBA18 11 0    1.265275
LBA18 11 1    82.122490
LBA18 12 0    1.287998
LBA18 12 1    81.586029
LBA18 13 0    1.309382
LBA18 13 1    83.224052
LBA18 14 0    1.271412
LBA18 14 1    82.101135
LBA18 15 0    1.311850
LBA18 15 1    80.056351
LBA18 16 0    1.297917
LBA18 16 1    81.404617
LBA18 17 0    1.297598
LBA18 17 1    80.476791
LBA18 18 0    1.288328
LBA18 18 1    80.576225
LBA18 19 0    1.297744
LBA18 19 1    80.864609
LBA18 20 0    1.274475
LBA18 20 1    79.801956
LBA18 21 0    1.296474
LBA18 21 1    81.466972
LBA18 22 0    1.270080
LBA18 22 1    81.665283
LBA18 23 0    1.307644
LBA18 23 1    81.012993
LBA18 24 0    1.286966
LBA18 24 1    79.257935
LBA18 25 0    1.242506
LBA18 25 1    82.433426
LBA18 26 0    1.281355
LBA18 26 1    81.783760
LBA18 27 0    1.313463
LBA18 27 1    81.317772
LBA18 28 0    1.303861
LBA18 28 1    81.191360
LBA18 29 0    1.289664
LBA18 29 1    82.646660
LBA18 30 0    1.278750
LBA18 30 1    81.839996
LBA18 31 0    1.278750
LBA18 31 1    81.839996
LBA18 32 0    1.272084
LBA18 32 1    81.369370
LBA18 33 0    1.272831
LBA18 33 1    81.384766
LBA18 34 0    1.297339
LBA18 34 1    81.058815
LBA18 35 0    1.300052
LBA18 35 1    80.872131
LBA18 36 0    1.293372
LBA18 36 1    79.027534
LBA18 37 0    1.287094
LBA18 37 1    81.744064
LBA18 38 0    1.301111
LBA18 38 1    82.280014
LBA18 39 0    1.289363
LBA18 39 1    83.390839
LBA18 40 0    1.275874
LBA18 40 1    79.868996
LBA18 41 0    1.308520
LBA18 41 1    79.862320
LBA18 42 0    1.292398
LBA18 42 1    78.709076
LBA18 43 0    1.278750
LBA18 43 1    81.839996
LBA18 44 0    1.298326
LBA18 44 1    81.438538
LBA18 45 0    1.319094
LBA18 45 1    82.368591
LBA18 46 0    1.247198
LBA18 46 1    82.444267
LBA18 47 0    1.286950
LBA18 47 1    79.535721
LBA58  0 0    1.261311
LBA58  0 1    82.551186
LBA58  1 0    1.306939
LBA58  1 1    80.150810
LBA58  2 0    1.279946
LBA58  2 1    79.632553
LBA58  3 0    1.291052
LBA58  3 1    81.945366
LBA58  4 0    1.308176
LBA58  4 1    81.052940
LBA58  5 0    1.297958
LBA58  5 1    80.639755
LBA58  6 0    1.269427
LBA58  6 1    79.425079
LBA58  7 0    1.304276
LBA58  7 1    80.737160
LBA58  8 0    1.276582
LBA58  8 1    79.138771
LBA58  9 0    1.257367
LBA58  9 1    83.240784
LBA58 10 0    1.344649
LBA58 10 1    81.766846
LBA58 11 0    1.292246
LBA58 11 1    81.167313
LBA58 12 0    1.286401
LBA58 12 1    81.401352
LBA58 13 0    1.295270
LBA58 13 1    81.611076
LBA58 14 0    1.285915
LBA58 14 1    79.507118
LBA58 15 0    1.298850
LBA58 15 1    81.169960
LBA58 16 0    1.280833
LBA58 16 1    82.275017
LBA58 17 0    1.291273
LBA58 17 1    82.523300
LBA58 18 0    1.289726
LBA58 18 1    81.771759
LBA58 19 0    1.309147
LBA58 19 1    80.123886
LBA58 20 0    1.298809
LBA58 20 1    80.958267
LBA58 21 0    1.290882
LBA58 21 1    79.736572
LBA58 22 0    1.288950
LBA58 22 1    79.475182
LBA58 23 0    1.284171
LBA58 23 1    81.825935
LBA58 24 0    1.271546
LBA58 24 1    80.692787
LBA58 25 0    1.279343
LBA58 25 1    76.502991
LBA58 26 0    1.282619
LBA58 26 1    81.122772
LBA58 27 0    1.289332
LBA58 27 1    81.361259
LBA58 28 0    1.312541
LBA58 28 1    81.091805
LBA58 29 0    1.284654
LBA58 29 1    81.352577
LBA58 30 0    1.278750
LBA58 30 1    81.839996
LBA58 31 0    1.278750
LBA58 31 1    81.839996
LBA58 32 0    1.256081
LBA58 32 1    80.862137
LBA58 33 0    1.297969
LBA58 33 1    79.562805
LBA58 34 0    1.289077
LBA58 34 1    81.176888
LBA58 35 0    1.291565
LBA58 35 1    82.167473
LBA58 36 0    1.293520
LBA58 36 1    82.037216
LBA58 37 0    1.284898
LBA58 37 1    81.582016
LBA58 38 0    1.261941
LBA58 38 1    81.734360
LBA58 39 0    1.281219
LBA58 39 1    81.882912
LBA58 40 0    1.307858
LBA58 40 1    81.213188
LBA58 41 0    1.301039
LBA58 41 1    80.706184
LBA58 42 0    1.280287
LBA58 42 1    81.659645
LBA58 43 0    1.278750
LBA58 43 1    81.839996
LBA58 44 0    1.303681
LBA58 44 1    80.339142
LBA58 45 0    1.275887
LBA58 45 1    80.809700
LBA58 46 0    1.269556
LBA58 46 1    81.079285
LBA58 47 0    1.277401
LBA58 47 1    78.907410
LBA59  0 0    1.307034
LBA59  0 1    82.535355
LBA59  1 0    1.287722
LBA59  1 1    79.864357
LBA59  2 0    1.270350
LBA59  2 1    82.968857
LBA59  3 0    1.276601
LBA59  3 1    82.888382
LBA59  4 0    1.306377
LBA59  4 1    81.379295
LBA59  5 0    1.231896
LBA59  5 1    80.523613
LBA59  6 0    1.313585
LBA59  6 1    81.634865
LBA59  7 0    1.312950
LBA59  7 1    82.044342
LBA59  8 0    1.261750
LBA59  8 1    80.240555
LBA59  9 0    1.295812
LBA59  9 1    81.808502
LBA59 10 0    1.315934
LBA59 10 1    80.402580
LBA59 11 0    1.326912
LBA59 11 1    83.046265
LBA59 12 0    1.274763
LBA59 12 1    82.701050
LBA59 13 0    1.340754
LBA59 13 1    84.139130
LBA59 14 0    1.326882
LBA59 14 1    82.502266
LBA59 15 0    1.277333
LBA59 15 1    79.683769
LBA59 16 0    1.276592
LBA59 16 1    79.492409
LBA59 17 0    1.284548
LBA59 17 1    81.256699
LBA59 18 0    1.295747
LBA59 18 1    82.203064
LBA59 19 0    1.258544
LBA59 19 1    82.877975
LBA59 20 0    1.266445
LBA59 20 1    82.080948
LBA59 21 0    1.292678
LBA59 21 1    81.071869
LBA59 22 0    1.286413
LBA59 22 1    81.641495
LBA59 23 0    1.283262
LBA59 23 1    80.774529
LBA59 24 0    1.291155
LBA59 24 1    81.891312
LBA59 25 0    1.249444
LBA59 25 1    82.296478
LBA59 26 0    1.291102
LBA59 26 1    80.103844
LBA59 27 0    1.271570
LBA59 27 1    81.198219
LBA59 28 0    1.273795
LBA59 28 1    81.911758
LBA59 29 0    1.294111
LBA59 29 1    80.251060
LBA59 30 0    1.278750
LBA59 30 1    81.839996
LBA59 31 0    1.278750
LBA59 31 1    81.839996
LBA59 32 0    1.298231
LBA59 32 1    80.917053
LBA59 33 0    1.264207
LBA59 33 1    80.481003
LBA59 34 0    1.263747
LBA59 34 1    81.830215
LBA59 35 0    1.317459
LBA59 35 1    81.651207
LBA59 36 0    1.291137
LBA59 36 1    79.708923
LBA59 37 0    1.271512
LBA59 37 1    81.057770
LBA59 38 0    1.260000
LBA59 38 1    80.010002
LBA59 39 0    1.268383
LBA59 39 1    83.545181
LBA59 40 0    1.298171
LBA59 40 1    82.925919
LBA59 41 0    1.327873
LBA59 41 1    80.241501
LBA59 42 0    1.286261
LBA59 42 1    80.314735
LBA59 43 0    1.278750
LBA59 43 1    81.839996
LBA59 44 0    1.302758
LBA59 44 1    81.214600
LBA59 45 0    1.293311
LBA59 45 1    81.455307
LBA59 46 0    1.286474
LBA59 46 1    81.351738
LBA59 47 0    1.247130
LBA59 47 1    81.468735
LBA60  0 0    1.311445
LBA60  0 1    80.860825
LBA60  1 0    1.297696
LBA60  1 1    80.145248
LBA60  2 0    1.330000
LBA60  2 1    81.155663
LBA60  3 0    1.297435
LBA60  3 1    80.376709
LBA60  4 0    1.298727
LBA60  4 1    80.387627
LBA60  5 0    1.293298
LBA60  5 1    80.118599
LBA60  6 0    1.292498
LBA60  6 1    81.155289
LBA60  7 0    1.313933
LBA60  7 1    78.667862
LBA60  8 0    1.242477
LBA60  8 1    81.571655
LBA60  9 0    1.277134
LBA60  9 1    80.090843
LBA60 10 0    1.285541
LBA60 10 1    80.568176
LBA60 11 0    1.283801
LBA60 11 1    82.335304
LBA60 12 0    1.330649
LBA60 12 1    83.804306
LBA60 13 0    1.285630
LBA60 13 1    83.923744
LBA60 14 0    1.284631
LBA60 14 1    79.876633
LBA60 15 0    1.306578
LBA60 15 1    80.066154
LBA60 16 0    1.303707
LBA60 16 1    81.051445
LBA60 17 0    1.295168
LBA60 17 1    81.738960
LBA60 18 0    1.282289
LBA60 18 1    79.811691
LBA60 19 0    1.299608
LBA60 19 1    81.600822
LBA60 20 0    1.272181
LBA60 20 1    81.780960
LBA60 21 0    1.319337
LBA60 21 1    82.527916
LBA60 22 0    1.319645
LBA60 22 1    83.717972
LBA60 23 0    1.291544
LBA60 23 1    84.305000
LBA60 24 0    1.313028
LBA60 24 1    80.430634
LBA60 25 0    1.295219
LBA60 25 1    79.799812
LBA60 26 0    1.309732
LBA60 26 1    78.863609
LBA60 27 0    1.294889
LBA60 27 1    82.428505
LBA60 28 0    1.296975
LBA60 28 1    81.388626
LBA60 29 0    1.292224
LBA60 29 1    78.284592
LBA60 30 0    1.278750
LBA60 30 1    81.839996
LBA60 31 0    1.278750
LBA60 31 1    81.839996
LBA60 32 0    1.292014
LBA60 32 1    80.141617
LBA60 33 0    1.274349
LBA60 33 1    81.221634
LBA60 34 0    1.296037
LBA60 34 1    79.583252
LBA60 35 0    1.274886
LBA60 35 1    80.380272
LBA60 36 0    1.268335
LBA60 36 1    81.104935
LBA60 37 0    1.291804
LBA60 37 1    80.924576
LBA60 38 0    1.297854
LBA60 38 1    82.371918
LBA60 39 0    1.263326
LBA60 39 1    81.010254
LBA60 40 0    1.307929
LBA60 40 1    81.541832
LBA60 41 0    1.307122
LBA60 41 1    80.763794
LBA60 42 0    1.306801
LBA60 42 1    80.231689
LBA60 43 0    1.278750
LBA60 43 1    81.839996
LBA60 44 0    1.267182
LBA60 44 1    81.671486
LBA60 45 0    1.276912
LBA60 45 1    80.713631
LBA60 46 0    1.304638
LBA60 46 1    80.314224
LBA60 47 0    1.291634
LBA60 47 1    80.309135
LBA64  0 0    1.301920
LBA64  0 1    83.533195
LBA64  1 0    1.295196
LBA64  1 1    81.869194
LBA64  2 0    1.297375
LBA64  2 1    80.072433
LBA64  3 0    1.287095
LBA64  3 1    81.975243
LBA64  4 0    1.290157
LBA64  4 1    83.234840
LBA64  5 0    1.283472
LBA64  5 1    79.046349
LBA64  6 0    1.279672
LBA64  6 1    80.902245
LBA64  7 0    1.337088
LBA64  7 1    80.191116
LBA64  8 0    1.269861
LBA64  8 1    79.470535
LBA64  9 0    1.278320
LBA64  9 1    80.117722
LBA64 10 0    1.271994
LBA64 10 1    78.301338
LBA64 11 0    1.293416
LBA64 11 1    81.389877
LBA64 12 0    1.297799
LBA64 12 1    82.562645
LBA64 13 0    1.294456
LBA64 13 1    81.188629
LBA64 14 0    1.340549
LBA64 14 1    81.120445
LBA64 15 0    1.249153
LBA64 15 1    79.097733
LBA64 16 0    1.286843
LBA64 16 1    81.808800
LBA64 17 0    1.295334
LBA64 17 1    81.155930
LBA64 18 0    1.325925
LBA64 18 1    81.342987
LBA64 19 0    1.305701
LBA64 19 1    81.369171
LBA64 20 0    1.291598
LBA64 20 1    81.047264
LBA64 21 0    1.316172
LBA64 21 1    81.056358
LBA64 22 0    1.316951
LBA64 22 1    80.280991
LBA64 23 0    1.324043
LBA64 23 1    81.946663
LBA64 24 0    1.312409
LBA64 24 1    81.967529
LBA64 25 0    1.291166
LBA64 25 1    83.108528
LBA64 26 0    1.254613
LBA64 26 1    82.211639
LBA64 27 0    1.324925
LBA64 27 1    81.483208
LBA64 28 0    1.253042
LBA64 28 1    82.407227
LBA64 29 0    1.275088
LBA64 29 1    74.344467
LBA64 30 0    1.278750
LBA64 30 1    81.839996
LBA64 31 0    1.278750
LBA64 31 1    81.839996
LBA64 32 0    1.290315
LBA64 32 1    80.828217
LBA64 33 0    1.241625
LBA64 33 1    80.680229
LBA64 34 0    1.338056
LBA64 34 1    80.598930
LBA64 35 0    1.267508
LBA64 35 1    81.116463
LBA64 36 0    1.281853
LBA64 36 1    81.083992
LBA64 37 0    1.328334
LBA64 37 1    80.364685
LBA64 38 0    1.336359
LBA64 38 1    82.735130
LBA64 39 0    1.307625
LBA64 39 1    81.201256
LBA64 40 0    1.287286
LBA64 40 1    82.590202
LBA64 41 0    1.307135
LBA64 41 1    81.260849
LBA64 42 0    1.305039
LBA64 42 1    80.773323
LBA64 43 0    1.278750
LBA64 43 1    81.839996
LBA64 44 0    1.301012
LBA64 44 1    81.407349
LBA64 45 0    1.256920
LBA64 45 1    79.183075
LBA64 46 0    1.320502
LBA64 46 1    82.102936
LBA64 47 0    1.295511
LBA64 47 1    82.439896
LBC10  0 0    1.285294
LBC10  0 1    81.091164
LBC10  1 0    1.302857
LBC10  1 1    80.187065
LBC10  2 0    1.323432
LBC10  2 1    81.326599
LBC10  3 0    1.300692
LBC10  3 1    79.348381
LBC10  4 0    1.302016
LBC10  4 1    80.840279
LBC10  5 0    1.311143
LBC10  5 1    81.578331
LBC10  6 0    1.281042
LBC10  6 1    83.697815
LBC10  7 0    1.295509
LBC10  7 1    84.478668
LBC10  8 0    1.326412
LBC10  8 1    83.302834
LBC10  9 0    1.283039
LBC10  9 1    82.306076
LBC10 10 0    1.298778
LBC10 10 1    83.246513
LBC10 11 0    1.265258
LBC10 11 1    81.050056
LBC10 12 0    1.284096
LBC10 12 1    80.394386
LBC10 13 0    1.304304
LBC10 13 1    81.942528
LBC10 14 0    1.296650
LBC10 14 1    81.001282
LBC10 15 0    1.263236
LBC10 15 1    82.730865
LBC10 16 0    1.284176
LBC10 16 1    83.740387
LBC10 17 0    1.266003
LBC10 17 1    81.319931
LBC10 18 0    1.275000
LBC10 18 1    80.266441
LBC10 19 0    1.336172
LBC10 19 1    79.798927
LBC10 20 0    1.262555
LBC10 20 1    79.730751
LBC10 21 0    1.319795
LBC10 21 1    81.611214
LBC10 22 0    1.313890
LBC10 22 1    79.680794
LBC10 23 0    1.288307
LBC10 23 1    81.227303
LBC10 24 0    1.299659
LBC10 24 1    81.220505
LBC10 25 0    1.302768
LBC10 25 1    82.169899
LBC10 26 0    1.255302
LBC10 26 1    84.141136
LBC10 27 0    1.271885
LBC10 27 1    82.082634
LBC10 28 0    1.284763
LBC10 28 1    82.015831
LBC10 29 0    1.339578
LBC10 29 1    81.719925
LBC10 30 0    1.278750
LBC10 30 1    81.839996
LBC10 31 0    1.278750
LBC10 31 1    81.839996
LBC10 32 0    1.296505
LBC10 32 1    82.114952
LBC10 33 0    1.317102
LBC10 33 1    81.074997
LBC10 34 0    1.303002
LBC10 34 1    80.417473
LBC10 35 0    1.309109
LBC10 35 1    82.316795
LBC10 36 0    1.283483
LBC10 36 1    81.994957
LBC10 37 0    1.284376
LBC10 37 1    80.108810
LBC10 38 0    1.319711
LBC10 38 1    81.783241
LBC10 39 0    1.298928
LBC10 39 1    81.045609
LBC10 40 0    1.293027
LBC10 40 1    82.335945
LBC10 41 0    1.298833
LBC10 41 1    83.483749
LBC10 42 0    1.307328
LBC10 42 1    80.379745
LBC10 43 0    1.278750
LBC10 43 1    81.839996
LBC10 44 0    1.278809
LBC10 44 1    81.305244
LBC10 45 0    1.270116
LBC10 45 1    81.434532
LBC10 46 0    1.256859
LBC10 46 1    81.734215
LBC10 47 0    1.304133
LBC10 47 1    83.191788
LBC16  0 0    1.292091
LBC16  0 1    78.232048
LBC16  1 0    1.281708
LBC16  1 1    80.710632
LBC16  2 0    1.244800
LBC16  2 1    81.818558
LBC16  3 0    1.312093
LBC16  3 1    82.265350
LBC16  4 0    1.280064
LBC16  4 1    80.429123
LBC16  5 0    1.346604
LBC16  5 1    83.527809
LBC16  6 0    1.291981
LBC16  6 1    81.242928
LBC16  7 0    1.291136
LBC16  7 1    80.346245
LBC16  8 0    1.273461
LBC16  8 1    80.610832
LBC16  9 0    1.286175
LBC16  9 1    82.547379
LBC16 10 0    1.267042
LBC16 10 1    80.301750
LBC16 11 0    1.269121
LBC16 11 1    80.088966
LBC16 12 0    1.250293
LBC16 12 1    80.072044
LBC16 13 0    1.299203
LBC16 13 1    81.424377
LBC16 14 0    1.311029
LBC16 14 1    80.006371
LBC16 15 0    1.285954
LBC16 15 1    80.302216
LBC16 16 0    1.272568
LBC16 16 1    83.963699
LBC16 17 0    1.271744
LBC16 17 1    79.781052
LBC16 18 0    1.274204
LBC16 18 1    80.426682
LBC16 19 0    1.278724
LBC16 19 1    83.883705
LBC16 20 0    1.259391
LBC16 20 1    81.063217
LBC16 21 0    1.243462
LBC16 21 1    80.866249
LBC16 22 0    1.313315
LBC16 22 1    80.673676
LBC16 23 0    1.268390
LBC16 23 1    79.746399
LBC16 24 0    1.275919
LBC16 24 1    82.155022
LBC16 25 0    1.290535
LBC16 25 1    79.185654
LBC16 26 0    1.315383
LBC16 26 1    79.693314
LBC16 27 0    1.308656
LBC16 27 1    82.506378
LBC16 28 0    1.336827
LBC16 28 1    82.071053
LBC16 29 0    1.284362
LBC16 29 1    78.522980
LBC16 30 0    1.278750
LBC16 30 1    81.839996
LBC16 31 0    1.278750
LBC16 31 1    81.839996
LBC16 32 0    1.277079
LBC16 32 1    82.439354
LBC16 33 0    1.296251
LBC16 33 1    82.298370
LBC16 34 0    1.313074
LBC16 34 1    81.000175
LBC16 35 0    1.272863
LBC16 35 1    82.326309
LBC16 36 0    1.291038
LBC16 36 1    79.284431
LBC16 37 0    1.285882
LBC16 37 1    81.615181
LBC16 38 0    1.294818
LBC16 38 1    82.367111
LBC16 39 0    1.312187
LBC16 39 1    83.416878
LBC16 40 0    1.308945
LBC16 40 1    82.293755
LBC16 41 0    1.298153
LBC16 41 1    80.822777
LBC16 42 0    1.299195
LBC16 42 1    80.983528
LBC16 43 0    1.278750
LBC16 43 1    81.839996
LBC16 44 0    1.270778
LBC16 44 1    80.063713
LBC16 45 0    1.309050
LBC16 45 1    81.642273
LBC16 46 0    1.328367
LBC16 46 1    81.724236
LBC16 47 0    1.297320
LBC16 47 1    82.276695
LBC23  0 0    1.297290
LBC23  0 1    81.639519
LBC23  1 0    1.304716
LBC23  1 1    81.495949
LBC23  2 0    1.298984
LBC23  2 1    82.226974
LBC23  3 0    1.283239
LBC23  3 1    80.702095
LBC23  4 0    1.322066
LBC23  4 1    81.402924
LBC23  5 0    1.273780
LBC23  5 1    81.757126
LBC23  6 0    1.240973
LBC23  6 1    80.003525
LBC23  7 0    1.280235
LBC23  7 1    81.423340
LBC23  8 0    1.290953
LBC23  8 1    80.638718
LBC23  9 0    1.295823
LBC23  9 1    81.351883
LBC23 10 0    1.265092
LBC23 10 1    81.190178
LBC23 11 0    1.289168
LBC23 11 1    81.074028
LBC23 12 0    1.295691
LBC23 12 1    81.695259
LBC23 13 0    1.312687
LBC23 13 1    81.249001
LBC23 14 0    1.316618
LBC23 14 1    78.217331
LBC23 15 0    1.285845
LBC23 15 1    80.625717
LBC23 16 0    1.304492
LBC23 16 1    82.194969
LBC23 17 0    1.254135
LBC23 17 1    81.199730
LBC23 18 0    1.312619
LBC23 18 1    79.833870
LBC23 19 0    1.249345
LBC23 19 1    79.833466
LBC23 20 0    1.416260
LBC23 20 1    80.840019
LBC23 21 0    1.279328
LBC23 21 1    82.315674
LBC23 22 0    1.328226
LBC23 22 1    79.734268
LBC23 23 0    1.301192
LBC23 23 1    80.503738
LBC23 24 0    1.291889
LBC23 24 1    79.276520
LBC23 25 0    1.290557
LBC23 25 1    79.729019
LBC23 26 0    1.305046
LBC23 26 1    82.361679
LBC23 27 0    1.316968
LBC23 27 1    81.511581
LBC23 28 0    1.298404
LBC23 28 1    79.045113
LBC23 29 0    1.302336
LBC23 29 1    82.014145
LBC23 30 0    1.278750
LBC23 30 1    81.839996
LBC23 31 0    1.278750
LBC23 31 1    81.839996
LBC23 32 0    1.294071
LBC23 32 1    82.009514
LBC23 33 0    1.261068
LBC23 33 1    80.059853
LBC23 34 0    1.294666
LBC23 34 1    82.931892
LBC23 35 0    1.284877
LBC23 35 1    80.500923
LBC23 36 0    1.271235
LBC23 36 1    81.409889
LBC23 37 0    1.296269
LBC23 37 1    82.569527
LBC23 38 0    1.275144
LBC23 38 1    79.824547
LBC23 39 0    1.291370
LBC23 39 1    81.127586
LBC23 40 0    1.307754
LBC23 40 1    82.815773
LBC23 41 0    1.305691
LBC23 41 1    80.262428
LBC23 42 0    1.290488
LBC23 42 1    83.357872
LBC23 43 0    1.278750
LBC23 43 1    81.839996
LBC23 44 0    1.319396
LBC23 44 1    81.146263
LBC23 45 0    1.334139
LBC23 45 1    79.581169
LBC23 46 0    1.277913
LBC23 46 1    80.819283
LBC23 47 0    1.303402
LBC23 47 1    80.688751
LBC28  0 0    1.291411
LBC28  0 1    82.619781
LBC28  1 0    1.289375
LBC28  1 1    82.638168
LBC28  2 0    1.271053
LBC28  2 1    81.404953
LBC28  3 0    1.288189
LBC28  3 1    80.746124
LBC28  4 0    1.314372
LBC28  4 1    79.722748
LBC28  5 0    1.296916
LBC28  5 1    80.654533
LBC28  6 0    1.303844
LBC28  6 1    82.270294
LBC28  7 0    1.251954
LBC28  7 1    79.900047
LBC28  8 0    1.253431
LBC28  8 1    80.570007
LBC28  9 0    1.275960
LBC28  9 1    81.474464
LBC28 10 0    1.279589
LBC28 10 1    80.006462
LBC28 11 0    1.298233
LBC28 11 1    82.657082
LBC28 12 0    1.294612
LBC28 12 1    84.210922
LBC28 13 0    1.315718
LBC28 13 1    82.220932
LBC28 14 0    1.300339
LBC28 14 1    80.209274
LBC28 15 0    1.272107
LBC28 15 1    82.419014
LBC28 16 0    1.324399
LBC28 16 1    81.186401
LBC28 17 0    1.329002
LBC28 17 1    80.623604
LBC28 18 0    1.325684
LBC28 18 1    83.396179
LBC28 19 0    1.278785
LBC28 19 1    82.206665
LBC28 20 0    1.303081
LBC28 20 1    80.965034
LBC28 21 0    1.248373
LBC28 21 1    79.630554
LBC28 22 0    1.290596
LBC28 22 1    79.785355
LBC28 23 0    1.264470
LBC28 23 1    79.410652
LBC28 24 0    1.291516
LBC28 24 1    81.653633
LBC28 25 0    1.329782
LBC28 25 1    81.128609
LBC28 26 0    1.294951
LBC28 26 1    82.595184
LBC28 27 0    1.270028
LBC28 27 1    80.436455
LBC28 28 0    1.285363
LBC28 28 1    81.215202
LBC28 29 0    1.321670
LBC28 29 1    82.456055
LBC28 30 0    1.278750
LBC28 30 1    81.839996
LBC28 31 0    1.278750
LBC28 31 1    81.839996
LBC28 32 0    1.310384
LBC28 32 1    80.941460
LBC28 33 0    1.296673
LBC28 33 1    82.207184
LBC28 34 0    1.318886
LBC28 34 1    82.987183
LBC28 35 0    1.247592
LBC28 35 1    80.599998
LBC28 36 0    1.298904
LBC28 36 1    81.891891
LBC28 37 0    1.268981
LBC28 37 1    81.738289
LBC28 38 0    1.286026
LBC28 38 1    79.526611
LBC28 39 0    1.309406
LBC28 39 1    79.155716
LBC28 40 0    1.311901
LBC28 40 1    84.938538
LBC28 41 0    1.280376
LBC28 41 1    82.796120
LBC28 42 0    1.321783
LBC28 42 1    80.904877
LBC28 43 0    1.278750
LBC28 43 1    81.839996
LBC28 44 0    1.275369
LBC28 44 1    80.673119
LBC28 45 0    1.296952
LBC28 45 1    82.466003
LBC28 46 0    1.308332
LBC28 46 1    81.300323
LBC28 47 0    1.291425
LBC28 47 1    81.420982
LBC43  0 0    1.300619
LBC43  0 1    81.748795
LBC43  1 0    1.281345
LBC43  1 1    81.294449
LBC43  2 0    1.293210
LBC43  2 1    81.556862
LBC43  3 0    1.303247
LBC43  3 1    82.113876
LBC43  4 0    1.299389
LBC43  4 1    81.025406
LBC43  5 0    1.289412
LBC43  5 1    82.656731
LBC43  6 0    1.331742
LBC43  6 1    82.764587
LBC43  7 0    1.298065
LBC43  7 1    81.236656
LBC43  8 0    1.322795
LBC43  8 1    80.673706
LBC43  9 0    1.282723
LBC43  9 1    82.016815
LBC43 10 0    1.294350
LBC43 10 1    81.312378
LBC43 11 0    1.282474
LBC43 11 1    82.382439
LBC43 12 0    1.310941
LBC43 12 1    81.064255
LBC43 13 0    1.319279
LBC43 13 1    81.059250
LBC43 14 0    1.275173
LBC43 14 1    82.594208
LBC43 15 0    1.271494
LBC43 15 1    81.450035
LBC43 16 0    1.267031
LBC43 16 1    83.959793
LBC43 17 0    1.293145
LBC43 17 1    79.768196
LBC43 18 0    1.295147
LBC43 18 1    81.923828
LBC43 19 0    1.300495
LBC43 19 1    81.802132
LBC43 20 0    1.286336
LBC43 20 1    81.170708
LBC43 21 0    1.293848
LBC43 21 1    80.811516
LBC43 22 0    1.328850
LBC43 22 1    81.795357
LBC43 23 0    1.305405
LBC43 23 1    80.557961
LBC43 24 0    1.293211
LBC43 24 1    84.482063
LBC43 25 0    1.281892
LBC43 25 1    79.793121
LBC43 26 0    1.261482
LBC43 26 1    82.802750
LBC43 27 0    1.299429
LBC43 27 1    80.478790
LBC43 28 0    1.303617
LBC43 28 1    80.689651
LBC43 29 0    1.278706
LBC43 29 1    81.268623
LBC43 30 0    1.278750
LBC43 30 1    81.839996
LBC43 31 0    1.278750
LBC43 31 1    81.839996
LBC43 32 0    1.279648
LBC43 32 1    82.803650
LBC43 33 0    1.274995
LBC43 33 1    80.470009
LBC43 34 0    1.301740
LBC43 34 1    81.347771
LBC43 35 0    1.307802
LBC43 35 1    81.604965
LBC43 36 0    1.312554
LBC43 36 1    82.404388
LBC43 37 0    1.302667
LBC43 37 1    81.946701
LBC43 38 0    1.315721
LBC43 38 1    81.317322
LBC43 39 0    1.298157
LBC43 39 1    82.094543
LBC43 40 0    1.271105
LBC43 40 1    80.807816
LBC43 41 0    1.288955
LBC43 41 1    79.467400
LBC43 42 0    1.266821
LBC43 42 1    79.148232
LBC43 43 0    1.278750
LBC43 43 1    81.839996
LBC43 44 0    1.271376
LBC43 44 1    81.700500
LBC43 45 0    1.290856
LBC43 45 1    81.368256
LBC43 46 0    1.280085
LBC43 46 1    80.533974
LBC43 47 0    1.299971
LBC43 47 1    80.018646
LBC44  0 0    1.285243
LBC44  0 1    81.785843
LBC44  1 0    1.293972
LBC44  1 1    80.911209
LBC44  2 0    1.262062
LBC44  2 1    83.171661
LBC44  3 0    1.275853
LBC44  3 1    81.674606
LBC44  4 0    1.311341
LBC44  4 1    84.692657
LBC44  5 0    1.292188
LBC44  5 1    81.190063
LBC44  6 0    1.297538
LBC44  6 1    80.795876
LBC44  7 0    1.300866
LBC44  7 1    81.230095
LBC44  8 0    1.275590
LBC44  8 1    82.959991
LBC44  9 0    1.281291
LBC44  9 1    82.200378
LBC44 10 0    1.301054
LBC44 10 1    81.222206
LBC44 11 0    1.284935
LBC44 11 1    80.723915
LBC44 12 0    1.302926
LBC44 12 1    81.161469
LBC44 13 0    1.312144
LBC44 13 1    82.072739
LBC44 14 0    1.295779
LBC44 14 1    81.853035
LBC44 15 0    1.305128
LBC44 15 1    82.627563
LBC44 16 0    1.289266
LBC44 16 1    81.677231
LBC44 17 0    1.283574
LBC44 17 1    81.311050
LBC44 18 0    1.312523
LBC44 18 1    81.786758
LBC44 19 0    1.283301
LBC44 19 1    79.420738
LBC44 20 0    1.307392
LBC44 20 1    78.466194
LBC44 21 0    1.318342
LBC44 21 1    82.009804
LBC44 22 0    1.295126
LBC44 22 1    80.814323
LBC44 23 0    1.288032
LBC44 23 1    80.660812
LBC44 24 0    1.290320
LBC44 24 1    78.930275
LBC44 25 0    1.291583
LBC44 25 1    81.975494
LBC44 26 0    1.262120
LBC44 26 1    81.616280
LBC44 27 0    1.276908
LBC44 27 1    81.135826
LBC44 28 0    1.261405
LBC44 28 1    78.185188
LBC44 29 0    1.243010
LBC44 29 1    79.964729
LBC44 30 0    1.278750
LBC44 30 1    81.839996
LBC44 31 0    1.278750
LBC44 31 1    81.839996
LBC44 32 0    1.273926
LBC44 32 1    80.934296
LBC44 33 0    1.295178
LBC44 33 1    81.835747
LBC44 34 0    1.308059
LBC44 34 1    80.364113
LBC44 35 0    1.310394
LBC44 35 1    80.385330
LBC44 36 0    1.309410
LBC44 36 1    80.710770
LBC44 37 0    1.311188
LBC44 37 1    81.728447
LBC44 38 0    1.297287
LBC44 38 1    82.102463
LBC44 39 0    1.310343
LBC44 39 1    77.613327
LBC44 40 0    1.278589
LBC44 40 1    79.771286
LBC44 41 0    1.297219
LBC44 41 1    81.856194
LBC44 42 0    1.318513
LBC44 42 1    80.530251
LBC44 43 0    1.278750
LBC44 43 1    81.839996
LBC44 44 0    1.330758
LBC44 44 1    80.541908
LBC44 45 0    1.293844
LBC44 45 1    81.218674
LBC44 46 0    1.288164
LBC44 46 1    79.705963
LBC44 47 0    1.320358
LBC44 47 1    82.601295
LBC46  0 0    1.276636
LBC46  0 1    81.659424
LBC46  1 0    1.305326
LBC46  1 1    82.885872
LBC46  2 0    1.300996
LBC46  2 1    83.025200
LBC46  3 0    1.310893
LBC46  3 1    79.701431
LBC46  4 0    1.275911
LBC46  4 1    76.129456
LBC46  5 0    1.290977
LBC46  5 1    81.900337
LBC46  6 0    1.285272
LBC46  6 1    82.529678
LBC46  7 0    1.252737
LBC46  7 1    81.131302
LBC46  8 0    1.292330
LBC46  8 1    82.491821
LBC46  9 0    1.316193
LBC46  9 1    82.470490
LBC46 10 0    1.279915
LBC46 10 1    82.582085
LBC46 11 0    1.307054
LBC46 11 1    78.858047
LBC46 12 0    1.303334
LBC46 12 1    82.991508
LBC46 13 0    1.319575
LBC46 13 1    82.554932
LBC46 14 0    1.276894
LBC46 14 1    83.385376
LBC46 15 0    1.277663
LBC46 15 1    81.143784
LBC46 16 0    1.301055
LBC46 16 1    81.108887
LBC46 17 0    1.300521
LBC46 17 1    81.447105
LBC46 18 0    1.334857
LBC46 18 1    81.132576
LBC46 19 0    1.269891
LBC46 19 1    81.705353
LBC46 20 0    1.317072
LBC46 20 1    82.959541
LBC46 21 0    1.274293
LBC46 21 1    79.302841
LBC46 22 0    1.306687
LBC46 22 1    81.261726
LBC46 23 0    1.303427
LBC46 23 1    81.286736
LBC46 24 0    1.301762
LBC46 24 1    81.082420
LBC46 25 0    1.305083
LBC46 25 1    82.106766
LBC46 26 0    1.283635
LBC46 26 1    78.426430
LBC46 27 0    1.269913
LBC46 27 1    83.236282
LBC46 28 0    1.287114
LBC46 28 1    81.164192
LBC46 29 0    1.285385
LBC46 29 1    80.204834
LBC46 30 0    1.278750
LBC46 30 1    81.839996
LBC46 31 0    1.278750
LBC46 31 1    81.839996
LBC46 32 0    1.302052
LBC46 32 1    78.519989
LBC46 33 0    1.309389
LBC46 33 1    82.226196
LBC46 34 0    1.252468
LBC46 34 1    80.140961
LBC46 35 0    1.316512
LBC46 35 1    80.968712
LBC46 36 0    1.275026
LBC46 36 1    78.987083
LBC46 37 0    1.285519
LBC46 37 1    79.582230
LBC46 38 0    1.304376
LBC46 38 1    82.062187
LBC46 39 0    1.284077
LBC46 39 1    81.377907
LBC46 40 0    1.275483
LBC46 40 1    80.608307
LBC46 41 0    1.338158
LBC46 41 1    81.366676
LBC46 42 0    1.294133
LBC46 42 1    82.640068
LBC46 43 0    1.278750
LBC46 43 1    81.839996
LBC46 44 0    1.289200
LBC46 44 1    78.848206
LBC46 45 0    1.291724
LBC46 45 1    81.814087
LBC46 46 0    1.273263
LBC46 46 1    80.159477
LBC46 47 0    1.293909
LBC46 47 1    80.803459
LBC52  0 0    1.280097
LBC52  0 1    78.100883
LBC52  1 0    1.277404
LBC52  1 1    79.838524
LBC52  2 0    1.295279
LBC52  2 1    82.238472
LBC52  3 0    1.296489
LBC52  3 1    81.116486
LBC52  4 0    1.304626
LBC52  4 1    80.007240
LBC52  5 0    1.293025
LBC52  5 1    81.827187
LBC52  6 0    1.275241
LBC52  6 1    81.207664
LBC52  7 0    1.265883
LBC52  7 1    80.465683
LBC52  8 0    1.301245
LBC52  8 1    80.996445
LBC52  9 0    1.278371
LBC52  9 1    81.816612
LBC52 10 0    1.311411
LBC52 10 1    81.618835
LBC52 11 0    1.339052
LBC52 11 1    81.222923
LBC52 12 0    1.298728
LBC52 12 1    83.148132
LBC52 13 0    1.254621
LBC52 13 1    79.998032
LBC52 14 0    1.296102
LBC52 14 1    81.279831
LBC52 15 0    1.278349
LBC52 15 1    79.792137
LBC52 16 0    1.266201
LBC52 16 1    79.280937
LBC52 17 0    1.293464
LBC52 17 1    80.362129
LBC52 18 0    1.295467
LBC52 18 1    103.500641
LBC52 19 0    1.267491
LBC52 19 1    81.578629
LBC52 20 0    1.269595
LBC52 20 1    81.014297
LBC52 21 0    1.280658
LBC52 21 1    81.269348
LBC52 22 0    1.290734
LBC52 22 1    80.528641
LBC52 23 0    1.328134
LBC52 23 1    81.410423
LBC52 24 0    1.303127
LBC52 24 1    78.366669
LBC52 25 0    1.283137
LBC52 25 1    81.661224
LBC52 26 0    1.296792
LBC52 26 1    81.782562
LBC52 27 0    1.277642
LBC52 27 1    82.364517
LBC52 28 0    1.280269
LBC52 28 1    83.896362
LBC52 29 0    1.301766
LBC52 29 1    80.478256
LBC52 30 0    1.278750
LBC52 30 1    81.839996
LBC52 31 0    1.278750
LBC52 31 1    81.839996
LBC52 32 0    1.273521
LBC52 32 1    78.288940
LBC52 33 0    1.332091
LBC52 33 1    81.130257
LBC52 34 0    1.300000
LBC52 34 1    81.079979
LBC52 35 0    1.270512
LBC52 35 1    81.444969
LBC52 36 0    1.283247
LBC52 36 1    81.132416
LBC52 37 0    1.298106
LBC52 37 1    80.890221
LBC52 38 0    1.251981
LBC52 38 1    79.201164
LBC52 39 0    1.274705
LBC52 39 1    80.174957
LBC52 40 0    1.295144
LBC52 40 1    81.113220
LBC52 41 0    1.293119
LBC52 41 1    81.356087
LBC52 42 0    1.302245
LBC52 42 1    82.322693
LBC52 43 0    1.278750
LBC52 43 1    81.839996
LBC52 44 0    1.324169
LBC52 44 1    81.658119
LBC52 45 0    1.307842
LBC52 45 1    80.621780
LBC52 46 0    1.266581
LBC52 46 1    80.046997
LBC52 47 0    1.305089
LBC52 47 1    81.817253
LBC55  0 0    1.291839
LBC55  0 1    80.504906
LBC55  1 0    1.262413
LBC55  1 1    79.032730
LBC55  2 0    1.290598
LBC55  2 1    80.637787
LBC55  3 0    1.282047
LBC55  3 1    79.525284
LBC55  4 0    1.302218
LBC55  4 1    81.908195
LBC55  5 0    1.291525
LBC55  5 1    80.742180
LBC55  6 0    1.317641
LBC55  6 1    83.284607
LBC55  7 0    1.282330
LBC55  7 1    83.869713
LBC55  8 0    1.296222
LBC55  8 1    82.313148
LBC55  9 0    1.279719
LBC55  9 1    81.256737
LBC55 10 0    1.312015
LBC55 10 1    81.408180
LBC55 11 0    1.321177
LBC55 11 1    81.812500
LBC55 12 0    1.348416
LBC55 12 1    81.244751
LBC55 13 0    1.300745
LBC55 13 1    82.407593
LBC55 14 0    1.275211
LBC55 14 1    81.022087
LBC55 15 0    1.298595
LBC55 15 1    80.897118
LBC55 16 0    1.254853
LBC55 16 1    82.568520
LBC55 17 0    1.264083
LBC55 17 1    80.446243
LBC55 18 0    1.271923
LBC55 18 1    81.619705
LBC55 19 0    1.279109
LBC55 19 1    81.594795
LBC55 20 0    1.287577
LBC55 20 1    81.309685
LBC55 21 0    1.263191
LBC55 21 1    80.470711
LBC55 22 0    1.304336
LBC55 22 1    79.971077
LBC55 23 0    1.275528
LBC55 23 1    82.289497
LBC55 24 0    1.283640
LBC55 24 1    80.756721
LBC55 25 0    1.278206
LBC55 25 1    81.099335
LBC55 26 0    1.278659
LBC55 26 1    80.340965
LBC55 27 0    1.270794
LBC55 27 1    81.465096
LBC55 28 0    1.251736
LBC55 28 1    79.503563
LBC55 29 0    1.324154
LBC55 29 1    81.071236
LBC55 30 0    1.278750
LBC55 30 1    81.839996
LBC55 31 0    1.278750
LBC55 31 1    81.839996
LBC55 32 0    1.280828
LBC55 32 1    82.491745
LBC55 33 0    1.324827
LBC55 33 1    81.775864
LBC55 34 0    1.281554
LBC55 34 1    79.940811
LBC55 35 0    1.277382
LBC55 35 1    80.660637
LBC55 36 0    1.296158
LBC55 36 1    82.195389
LBC55 37 0    1.286659
LBC55 37 1    81.745178
LBC55 38 0    1.276304
LBC55 38 1    80.489899
LBC55 39 0    1.290524
LBC55 39 1    83.001823
LBC55 40 0    1.296989
LBC55 40 1    81.638649
LBC55 41 0    1.301229
LBC55 41 1    78.009476
LBC55 42 0    1.301428
LBC55 42 1    81.044365
LBC55 43 0    1.278750
LBC55 43 1    81.839996
LBC55 44 0    1.273302
LBC55 44 1    82.383514
LBC55 45 0    1.289626
LBC55 45 1    80.728485
LBC55 46 0    1.320212
LBC55 46 1    81.143761
LBC55 47 0    1.309350
LBC55 47 1    80.205704
LBC59  0 0    1.301842
LBC59  0 1    82.847588
LBC59  1 0    1.323326
LBC59  1 1    81.481628
LBC59  2 0    1.289484
LBC59  2 1    81.642029
LBC59  3 0    1.281807
LBC59  3 1    79.682747
LBC59  4 0    1.309669
LBC59  4 1    82.655098
LBC59  5 0    1.252023
LBC59  5 1    80.247307
LBC59  6 0    1.300774
LBC59  6 1    81.629204
LBC59  7 0    1.309091
LBC59  7 1    81.243713
LBC59  8 0    1.303087
LBC59  8 1    81.890205
LBC59  9 0    1.271411
LBC59  9 1    81.013817
LBC59 10 0    1.339845
LBC59 10 1    81.206947
LBC59 11 0    1.293900
LBC59 11 1    81.173866
LBC59 12 0    1.325253
LBC59 12 1    82.056801
LBC59 13 0    1.285744
LBC59 13 1    80.213631
LBC59 14 0    1.295187
LBC59 14 1    82.440323
LBC59 15 0    1.298621
LBC59 15 1    82.106102
LBC59 16 0    1.298390
LBC59 16 1    84.945068
LBC59 17 0    1.277067
LBC59 17 1    81.892914
LBC59 18 0    1.278782
LBC59 18 1    82.307877
LBC59 19 0    1.288826
LBC59 19 1    81.073570
LBC59 20 0    1.300508
LBC59 20 1    80.677795
LBC59 21 0    1.295849
LBC59 21 1    82.534973
LBC59 22 0    1.314670
LBC59 22 1    82.336723
LBC59 23 0    1.283814
LBC59 23 1    81.588585
LBC59 24 0    1.290000
LBC59 24 1    84.500000
LBC59 25 0    1.330000
LBC59 25 1    79.629997
LBC59 26 0    1.330000
LBC59 26 1    83.930000
LBC59 27 0    1.291403
LBC59 27 1    85.000000
LBC59 28 0    1.261426
LBC59 28 1    82.260002
LBC59 29 0    1.250000
LBC59 29 1    80.089996
LBC59 30 0    1.278750
LBC59 30 1    81.839996
LBC59 31 0    1.278750
LBC59 31 1    81.839996
LBC59 32 0    1.289517
LBC59 32 1    81.819519
LBC59 33 0    1.342919
LBC59 33 1    81.484573
LBC59 34 0    1.316831
LBC59 34 1    80.845764
LBC59 35 0    1.310473
LBC59 35 1    81.314034
LBC59 36 0    1.310804
LBC59 36 1    81.349335
LBC59 37 0    1.294159
LBC59 37 1    80.569733
LBC59 38 0    1.286544
LBC59 38 1    79.923409
LBC59 39 0    1.297765
LBC59 39 1    80.491447
LBC59 40 0    1.302639
LBC59 40 1    81.956306
LBC59 41 0    1.295304
LBC59 41 1    82.518196
LBC59 42 0    1.292403
LBC59 42 1    82.199768
LBC59 43 0    1.278750
LBC59 43 1    81.839996
LBC59 44 0    1.281657
LBC59 44 1    82.379128
LBC59 45 0    1.320982
LBC59 45 1    83.020058
LBC59 46 0    1.312091
LBC59 46 1    78.964912
LBC59 47 0    1.314382
LBC59 47 1    82.878365
EBA07  0 0    1.285923
EBA07  0 1    80.861748
EBA07  1 0    1.319957
EBA07  1 1    82.805809
EBA07  2 0    1.281122
EBA07  2 1    83.727791
EBA07  3 0    1.276587
EBA07  3 1    82.357933
EBA07  4 0    1.292314
EBA07  4 1    81.946823
EBA07  5 0    1.271168
EBA07  5 1    80.396324
EBA07  6 0    1.282977
EBA07  6 1    81.733521
EBA07  7 0    1.300469
EBA07  7 1    82.532959
EBA07  8 0    1.289111
EBA07  8 1    80.598518
EBA07  9 0    1.309080
EBA07  9 1    81.285942
EBA07 10 0    1.302257
EBA07 10 1    80.410347
EBA07 11 0    1.277080
EBA07 11 1    80.667046
EBA07 12 0    1.314661
EBA07 12 1    81.052536
EBA07 13 0    1.303266
EBA07 13 1    82.339821
EBA07 14 0    1.321104
EBA07 14 1    80.644379
EBA07 15 0    1.277939
EBA07 15 1    80.432755
EBA07 16 0    1.294266
EBA07 16 1    83.328094
EBA07 17 0    1.304895
EBA07 17 1    81.658760
EBA07 18 0    1.278750
EBA07 18 1    81.839996
EBA07 19 0    1.278750
EBA07 19 1    81.839996
EBA07 20 0    1.322620
EBA07 20 1    81.573120
EBA07 21 0    1.276403
EBA07 21 1    80.382683
EBA07 22 0    1.278578
EBA07 22 1    80.158020
EBA07 23 0    1.274758
EBA07 23 1    81.674210
EBA07 24 0    1.278750
EBA07 24 1    81.839996
EBA07 25 0    1.278750
EBA07 25 1    81.839996
EBA07 26 0    1.278750
EBA07 26 1    81.839996
EBA07 27 0    1.278750
EBA07 27 1    81.839996
EBA07 28 0    1.278750
EBA07 28 1    81.839996
EBA07 29 0    1.278750
EBA07 29 1    81.839996
EBA07 30 0    1.256448
EBA07 30 1    81.412216
EBA07 31 0    0.939046
EBA07 31 1    80.088348
EBA07 32 0    1.319360
EBA07 32 1    83.143723
EBA07 33 0    1.278750
EBA07 33 1    81.839996
EBA07 34 0    1.278750
EBA07 34 1    81.839996
EBA07 35 0    1.277647
EBA07 35 1    80.932434
EBA07 36 0    1.265900
EBA07 36 1    82.002693
EBA07 37 0    1.297555
EBA07 37 1    82.835892
EBA07 38 0    1.279049
EBA07 38 1    81.836479
EBA07 39 0    1.298942
EBA07 39 1    81.342209
EBA07 40 0    1.280911
EBA07 40 1    80.382820
EBA07 41 0    1.280264
EBA07 41 1    82.897217
EBA07 42 0    1.278750
EBA07 42 1    81.839996
EBA07 43 0    1.278750
EBA07 43 1    81.839996
EBA07 44 0    1.278750
EBA07 44 1    81.839996
EBA07 45 0    1.278750
EBA07 45 1    81.839996
EBA07 46 0    1.278750
EBA07 46 1    81.839996
EBA07 47 0    1.278750
EBA07 47 1    81.839996
EBC13  0 0    1.317857
EBC13  0 1    82.644173
EBC13  1 0    1.292151
EBC13  1 1    80.732773
EBC13  2 0    1.317971
EBC13  2 1    83.556160
EBC13  3 0    1.339475
EBC13  3 1    80.761383
EBC13  4 0    1.287191
EBC13  4 1    83.056129
EBC13  5 0    1.279524
EBC13  5 1    78.783409
EBC13  6 0    1.271444
EBC13  6 1    82.140518
EBC13  7 0    1.282466
EBC13  7 1    82.360054
EBC13  8 0    1.279422
EBC13  8 1    81.674049
EBC13  9 0    1.299335
EBC13  9 1    81.855949
EBC13 10 0    1.290882
EBC13 10 1    82.885178
EBC13 11 0    1.310471
EBC13 11 1    80.834091
EBC13 12 0    1.296640
EBC13 12 1    80.892273
EBC13 13 0    1.262630
EBC13 13 1    80.917046
EBC13 14 0    1.294726
EBC13 14 1    82.659874
EBC13 15 0    1.265097
EBC13 15 1    81.357918
EBC13 16 0    1.320976
EBC13 16 1    81.106705
EBC13 17 0    1.313048
EBC13 17 1    79.661232
EBC13 18 0    1.278750
EBC13 18 1    81.839996
EBC13 19 0    1.278750
EBC13 19 1    81.839996
EBC13 20 0    1.283191
EBC13 20 1    78.234482
EBC13 21 0    1.338266
EBC13 21 1    80.868797
EBC13 22 0    1.268643
EBC13 22 1    80.921997
EBC13 23 0    1.325891
EBC13 23 1    81.283554
EBC13 24 0    1.278750
EBC13 24 1    81.839996
EBC13 25 0    1.278750
EBC13 25 1    81.839996
EBC13 26 0    1.278750
EBC13 26 1    81.839996
EBC13 27 0    1.278750
EBC13 27 1    81.839996
EBC13 28 0    1.278750
EBC13 28 1    81.839996
EBC13 29 0    1.278750
EBC13 29 1    81.839996
EBC13 30 0    1.286588
EBC13 30 1    83.030121
EBC13 31 0    1.276685
EBC13 31 1    78.845894
EBC13 32 0    1.298543
EBC13 32 1    81.561676
EBC13 33 0    1.278750
EBC13 33 1    81.839996
EBC13 34 0    1.278750
EBC13 34 1    81.839996
EBC13 35 0    1.279520
EBC13 35 1    81.650978
EBC13 36 0    1.284092
EBC13 36 1    79.945297
EBC13 37 0    1.315455
EBC13 37 1    82.005890
EBC13 38 0    1.284118
EBC13 38 1    82.089561
EBC13 39 0    1.279474
EBC13 39 1    79.591331
EBC13 40 0    1.302036
EBC13 40 1    82.013977
EBC13 41 0    1.306940
EBC13 41 1    81.344849
EBC13 42 0    1.278750
EBC13 42 1    81.839996
EBC13 43 0    1.278750
EBC13 43 1    81.839996
EBC13 44 0    1.278750
EBC13 44 1    81.839996
EBC13 45 0    1.278750
EBC13 45 1    81.839996
EBC13 46 0    1.278750
EBC13 46 1    81.839996
EBC13 47 0    1.278750
EBC13 47 1    81.839996
EBC18  0 0    1.278750
EBC18  0 1    81.839996
EBC18  1 0    1.278750
EBC18  1 1    81.839996
EBC18  2 0    1.278750
EBC18  2 1    81.839996
EBC18  3 0    1.278750
EBC18  3 1    81.839996
EBC18  4 0    0.981628
EBC18  4 1    82.287231
EBC18  5 0    1.293452
EBC18  5 1    81.942436
EBC18  6 0    1.284875
EBC18  6 1    80.495743
EBC18  7 0    1.294259
EBC18  7 1    80.381210
EBC18  8 0    1.293368
EBC18  8 1    79.564552
EBC18  9 0    1.263921
EBC18  9 1    81.703560
EBC18 10 0    1.260961
EBC18 10 1    81.028191
EBC18 11 0    1.334035
EBC18 11 1    80.375237
EBC18 12 0    1.317032
EBC18 12 1    80.777763
EBC18 13 0    1.278662
EBC18 13 1    82.835579
EBC18 14 0    1.310648
EBC18 14 1    81.964310
EBC18 15 0    1.297359
EBC18 15 1    84.090256
EBC18 16 0    1.283391
EBC18 16 1    82.175179
EBC18 17 0    1.299968
EBC18 17 1    80.014809
EBC18 18 0    1.271237
EBC18 18 1    80.251488
EBC18 19 0    1.265245
EBC18 19 1    81.481041
EBC18 20 0    1.293671
EBC18 20 1    81.673805
EBC18 21 0    1.294335
EBC18 21 1    80.586906
EBC18 22 0    1.275859
EBC18 22 1    81.290207
EBC18 23 0    1.299207
EBC18 23 1    82.718658
EBC18 24 0    1.278750
EBC18 24 1    81.839996
EBC18 25 0    1.278750
EBC18 25 1    81.839996
EBC18 26 0    1.278750
EBC18 26 1    81.839996
EBC18 27 0    1.278750
EBC18 27 1    81.839996
EBC18 28 0    1.278750
EBC18 28 1    81.839996
EBC18 29 0    1.278750
EBC18 29 1    81.839996
EBC18 30 0    1.269673
EBC18 30 1    79.159142
EBC18 31 0    1.281902
EBC18 31 1    82.284195
EBC18 32 0    1.304194
EBC18 32 1    80.478203
EBC18 33 0    1.278750
EBC18 33 1    81.839996
EBC18 34 0    1.278750
EBC18 34 1    81.839996
EBC18 35 0    1.295087
EBC18 35 1    79.928902
EBC18 36 0    1.300863
EBC18 36 1    80.298706
EBC18 37 0    1.276367
EBC18 37 1    83.376953
EBC18 38 0    1.289975
EBC18 38 1    80.872368
EBC18 39 0    1.291980
EBC18 39 1    81.183052
EBC18 40 0    1.317235
EBC18 40 1    81.897911
EBC18 41 0    1.321198
EBC18 41 1    82.043671
EBC18 42 0    1.278750
EBC18 42 1    81.839996
EBC18 43 0    1.278750
EBC18 43 1    81.839996
EBC18 44 0    1.278750
EBC18 44 1    81.839996
EBC18 45 0    1.278750
EBC18 45 1    81.839996
EBC18 46 0    1.278750
EBC18 46 1    81.839996
EBC18 47 0    1.278750
EBC18 47 1    81.839996
EBC19  0 0    1.294538
EBC19  0 1    78.508392
EBC19  1 0    1.299861
EBC19  1 1    80.876198
EBC19  2 0    1.296500
EBC19  2 1    82.904861
EBC19  3 0    1.303357
EBC19  3 1    81.420708
EBC19  4 0    1.337034
EBC19  4 1    81.180038
EBC19  5 0    1.292127
EBC19  5 1    79.522621
EBC19  6 0    1.286890
EBC19  6 1    78.991806
EBC19  7 0    1.300821
EBC19  7 1    82.359352
EBC19  8 0    1.315704
EBC19  8 1    81.795959
EBC19  9 0    1.302383
EBC19  9 1    81.649345
EBC19 10 0    1.321232
EBC19 10 1    80.805527
EBC19 11 0    1.290973
EBC19 11 1    79.463638
EBC19 12 0    1.303470
EBC19 12 1    83.342644
EBC19 13 0    1.343758
EBC19 13 1    80.579880
EBC19 14 0    1.280194
EBC19 14 1    81.593903
EBC19 15 0    1.305583
EBC19 15 1    81.861488
EBC19 16 0    1.282051
EBC19 16 1    80.536049
EBC19 17 0    1.272195
EBC19 17 1    83.453079
EBC19 18 0    1.278750
EBC19 18 1    81.839996
EBC19 19 0    1.278750
EBC19 19 1    81.839996
EBC19 20 0    1.320841
EBC19 20 1    82.883911
EBC19 21 0    1.293225
EBC19 21 1    80.456512
EBC19 22 0    1.288848
EBC19 22 1    79.433441
EBC19 23 0    1.332675
EBC19 23 1    81.520416
EBC19 24 0    1.278750
EBC19 24 1    81.839996
EBC19 25 0    1.278750
EBC19 25 1    81.839996
EBC19 26 0    1.278750
EBC19 26 1    81.839996
EBC19 27 0    1.278750
EBC19 27 1    81.839996
EBC19 28 0    1.278750
EBC19 28 1    81.839996
EBC19 29 0    1.278750
EBC19 29 1    81.839996
EBC19 30 0    1.263677
EBC19 30 1    81.274529
EBC19 31 0    1.262784
EBC19 31 1    80.068924
EBC19 32 0    1.277793
EBC19 32 1    81.832626
EBC19 33 0    1.278750
EBC19 33 1    81.839996
EBC19 34 0    1.278750
EBC19 34 1    81.839996
EBC19 35 0    1.294657
EBC19 35 1    82.869423
EBC19 36 0    1.277208
EBC19 36 1    82.440529
EBC19 37 0    1.300269
EBC19 37 1    79.893318
EBC19 38 0    1.298509
EBC19 38 1    81.546806
EBC19 39 0    1.323409
EBC19 39 1    82.882301
EBC19 40 0    1.297650
EBC19 40 1    84.875198
EBC19 41 0    1.285148
EBC19 41 1    81.686127
EBC19 42 0    1.278750
EBC19 42 1    81.839996
EBC19 43 0    1.278750
EBC19 43 1    81.839996
EBC19 44 0    1.278750
EBC19 44 1    81.839996
EBC19 45 0    1.278750
EBC19 45 1    81.839996
EBC19 46 0    1.278750
EBC19 46 1    81.839996
EBC19 47 0    1.278750
EBC19 47 1    81.839996
EBC20  0 0    1.272712
EBC20  0 1    81.443222
EBC20  1 0    1.304868
EBC20  1 1    80.154633
EBC20  2 0    1.301776
EBC20  2 1    82.715973
EBC20  3 0    1.257290
EBC20  3 1    81.990868
EBC20  4 0    1.299942
EBC20  4 1    80.777588
EBC20  5 0    1.295541
EBC20  5 1    82.448517
EBC20  6 0    1.291399
EBC20  6 1    81.058853
EBC20  7 0    1.312608
EBC20  7 1    82.117119
EBC20  8 0    1.283865
EBC20  8 1    80.979691
EBC20  9 0    1.302733
EBC20  9 1    81.646812
EBC20 10 0    1.264201
EBC20 10 1    81.489990
EBC20 11 0    1.309053
EBC20 11 1    81.505852
EBC20 12 0    1.269285
EBC20 12 1    81.184151
EBC20 13 0    1.298775
EBC20 13 1    80.763535
EBC20 14 0    1.314520
EBC20 14 1    81.388809
EBC20 15 0    1.272246
EBC20 15 1    82.698654
EBC20 16 0    1.324154
EBC20 16 1    83.166092
EBC20 17 0    1.308696
EBC20 17 1    81.807594
EBC20 18 0    1.278750
EBC20 18 1    81.839996
EBC20 19 0    1.278750
EBC20 19 1    81.839996
EBC20 20 0    1.297918
EBC20 20 1    81.463829
EBC20 21 0    1.306969
EBC20 21 1    82.750954
EBC20 22 0    1.289494
EBC20 22 1    82.089867
EBC20 23 0    1.308648
EBC20 23 1    81.267166
EBC20 24 0    1.278750
EBC20 24 1    81.839996
EBC20 25 0    1.278750
EBC20 25 1    81.839996
EBC20 26 0    1.278750
EBC20 26 1    81.839996
EBC20 27 0    1.278750
EBC20 27 1    81.839996
EBC20 28 0    1.278750
EBC20 28 1    81.839996
EBC20 29 0    1.278750
EBC20 29 1    81.839996
EBC20 30 0    1.286202
EBC20 30 1    82.822266
EBC20 31 0    1.261502
EBC20 31 1    81.604424
EBC20 32 0    1.325715
EBC20 32 1    81.652870
EBC20 33 0    1.278750
EBC20 33 1    81.839996
EBC20 34 0    1.278750
EBC20 34 1    81.839996
EBC20 35 0    1.300355
EBC20 35 1    82.583298
EBC20 36 0    1.288564
EBC20 36 1    80.199417
EBC20 37 0    1.325500
EBC20 37 1    82.370522
EBC20 38 0    1.250709
EBC20 38 1    80.331390
EBC20 39 0    1.316904
EBC20 39 1    82.557037
EBC20 40 0    1.277947
EBC20 40 1    81.981186
EBC20 41 0    1.296479
EBC20 41 1    80.631683
EBC20 42 0    1.278750
EBC20 42 1    81.839996
EBC20 43 0    1.278750
EBC20 43 1    81.839996
EBC20 44 0    1.278750
EBC20 44 1    81.839996
EBC20 45 0    1.278750
EBC20 45 1    81.839996
EBC20 46 0    1.278750
EBC20 46 1    81.839996
EBC20 47 0    1.278750
EBC20 47 1    81.839996
EBC22  0 0    1.302467
EBC22  0 1    82.190689
EBC22  1 0    1.279999
EBC22  1 1    81.510170
EBC22  2 0    1.301189
EBC22  2 1    80.001358
EBC22  3 0    1.288859
EBC22  3 1    81.100014
EBC22  4 0    1.287005
EBC22  4 1    79.919098
EBC22  5 0    1.287977
EBC22  5 1    80.839035
EBC22  6 0    1.291928
EBC22  6 1    80.099945
EBC22  7 0    1.303273
EBC22  7 1    82.192886
EBC22  8 0    1.316471
EBC22  8 1    80.705521
EBC22  9 0    1.282436
EBC22  9 1    78.282295
EBC22 10 0    1.293251
EBC22 10 1    80.446152
EBC22 11 0    1.277154
EBC22 11 1    81.163780
EBC22 12 0    1.348721
EBC22 12 1    84.273476
EBC22 13 0    1.293040
EBC22 13 1    81.415146
EBC22 14 0    1.293478
EBC22 14 1    82.437332
EBC22 15 0    1.249267
EBC22 15 1    79.630150
EBC22 16 0    1.081065
EBC22 16 1    82.307732
EBC22 17 0    1.262431
EBC22 17 1    79.981224
EBC22 18 0    1.278750
EBC22 18 1    81.839996
EBC22 19 0    1.278750
EBC22 19 1    81.839996
EBC22 20 0    1.287946
EBC22 20 1    80.040421
EBC22 21 0    1.301166
EBC22 21 1    82.118149
EBC22 22 0    1.305635
EBC22 22 1    81.306038
EBC22 23 0    1.257734
EBC22 23 1    80.956390
EBC22 24 0    1.278750
EBC22 24 1    81.839996
EBC22 25 0    1.278750
EBC22 25 1    81.839996
EBC22 26 0    1.278750
EBC22 26 1    81.839996
EBC22 27 0    1.278750
EBC22 27 1    81.839996
EBC22 28 0    1.278750
EBC22 28 1    81.839996
EBC22 29 0    1.278750
EBC22 29 1    81.839996
EBC22 30 0    1.312254
EBC22 30 1    79.319916
EBC22 31 0    1.281277
EBC22 31 1    82.415863
EBC22 32 0    1.298577
EBC22 32 1    79.111839
EBC22 33 0    1.278750
EBC22 33 1    81.839996
EBC22 34 0    1.278750
EBC22 34 1    81.839996
EBC22 35 0    1.293121
EBC22 35 1    79.581200
EBC22 36 0    1.283163
EBC22 36 1    81.855324
EBC22 37 0    1.342752
EBC22 37 1    82.278641
EBC22 38 0    1.310934
EBC22 38 1    79.317406
EBC22 39 0    1.306859
EBC22 39 1    83.219742
EBC22 40 0    1.295121
EBC22 40 1    81.535004
EBC22 41 0    1.276012
EBC22 41 1    79.809509
EBC22 42 0    1.278750
EBC22 42 1    81.839996
EBC22 43 0    1.278750
EBC22 43 1    81.839996
EBC22 44 0    1.278750
EBC22 44 1    81.839996
EBC22 45 0    1.278750
EBC22 45 1    81.839996
EBC22 46 0    1.278750
EBC22 46 1    81.839996
EBC22 47 0    1.278750
EBC22 47 1    81.839996
EBC30  0 0    1.263871
EBC30  0 1    83.544662
EBC30  1 0    1.287579
EBC30  1 1    80.640434
EBC30  2 0    1.298251
EBC30  2 1    81.655739
EBC30  3 0    1.293519
EBC30  3 1    80.518326
EBC30  4 0    1.304639
EBC30  4 1    81.606888
EBC30  5 0    1.288038
EBC30  5 1    81.391289
EBC30  6 0    1.285161
EBC30  6 1    79.940979
EBC30  7 0    1.293622
EBC30  7 1    81.576057
EBC30  8 0    1.279449
EBC30  8 1    80.447884
EBC30  9 0    1.277294
EBC30  9 1    80.789459
EBC30 10 0    1.298053
EBC30 10 1    79.990196
EBC30 11 0    1.272492
EBC30 11 1    79.283356
EBC30 12 0    1.292226
EBC30 12 1    82.080231
EBC30 13 0    1.291635
EBC30 13 1    81.664154
EBC30 14 0    1.285553
EBC30 14 1    81.578773
EBC30 15 0    1.311567
EBC30 15 1    82.790848
EBC30 16 0    1.279230
EBC30 16 1    79.795471
EBC30 17 0    1.303643
EBC30 17 1    82.481552
EBC30 18 0    1.278750
EBC30 18 1    81.839996
EBC30 19 0    1.278750
EBC30 19 1    81.839996
EBC30 20 0    1.293871
EBC30 20 1    80.705788
EBC30 21 0    1.298054
EBC30 21 1    82.566467
EBC30 22 0    1.288816
EBC30 22 1    80.433754
EBC30 23 0    1.303235
EBC30 23 1    80.501472
EBC30 24 0    1.278750
EBC30 24 1    81.839996
EBC30 25 0    1.278750
EBC30 25 1    81.839996
EBC30 26 0    1.278750
EBC30 26 1    81.839996
EBC30 27 0    1.278750
EBC30 27 1    81.839996
EBC30 28 0    1.278750
EBC30 28 1    81.839996
EBC30 29 0    1.278750
EBC30 29 1    81.839996
EBC30 30 0    1.299907
EBC30 30 1    83.012535
EBC30 31 0    1.304492
EBC30 31 1    78.562416
EBC30 32 0    1.308318
EBC30 32 1    81.614189
EBC30 33 0    1.278750
EBC30 33 1    81.839996
EBC30 34 0    1.278750
EBC30 34 1    81.839996
EBC30 35 0    1.314736
EBC30 35 1    81.021317
EBC30 36 0    1.265141
EBC30 36 1    79.842163
EBC30 37 0    1.293141
EBC30 37 1    81.749138
EBC30 38 0    1.278503
EBC30 38 1    79.651436
EBC30 39 0    1.303251
EBC30 39 1    81.494987
EBC30 40 0    1.265933
EBC30 40 1    81.126915
EBC30 41 0    1.310079
EBC30 41 1    81.189827
EBC30 42 0    1.278750
EBC30 42 1    81.839996
EBC30 43 0    1.278750
EBC30 43 1    81.839996
EBC30 44 0    1.278750
EBC30 44 1    81.839996
EBC30 45 0    1.278750
EBC30 45 1    81.839996
EBC30 46 0    1.278750
EBC30 46 1    81.839996
EBC30 47 0    1.278750
EBC30 47 1    81.839996
EBC44  0 0    1.296227
EBC44  0 1    80.831985
EBC44  1 0    1.274744
EBC44  1 1    79.790871
EBC44  2 0    1.298839
EBC44  2 1    81.273888
EBC44  3 0    1.275022
EBC44  3 1    78.840363
EBC44  4 0    1.275077
EBC44  4 1    80.962280
EBC44  5 0    1.312006
EBC44  5 1    80.444267
EBC44  6 0    1.284590
EBC44  6 1    81.098305
EBC44  7 0    1.301262
EBC44  7 1    81.297119
EBC44  8 0    1.305451
EBC44  8 1    82.988922
EBC44  9 0    1.325809
EBC44  9 1    78.574348
EBC44 10 0    1.274989
EBC44 10 1    78.019760
EBC44 11 0    1.262186
EBC44 11 1    80.771118
EBC44 12 0    1.300606
EBC44 12 1    82.614655
EBC44 13 0    1.290056
EBC44 13 1    81.790871
EBC44 14 0    1.286025
EBC44 14 1    81.729774
EBC44 15 0    1.291497
EBC44 15 1    81.535942
EBC44 16 0    1.289841
EBC44 16 1    82.572723
EBC44 17 0    1.315120
EBC44 17 1    82.178406
EBC44 18 0    1.278750
EBC44 18 1    81.839996
EBC44 19 0    1.278750
EBC44 19 1    81.839996
EBC44 20 0    1.282805
EBC44 20 1    82.838181
EBC44 21 0    1.266325
EBC44 21 1    80.720963
EBC44 22 0    1.302063
EBC44 22 1    83.805801
EBC44 23 0    1.309882
EBC44 23 1    80.383949
EBC44 24 0    1.278750
EBC44 24 1    81.839996
EBC44 25 0    1.278750
EBC44 25 1    81.839996
EBC44 26 0    1.278750
EBC44 26 1    81.839996
EBC44 27 0    1.278750
EBC44 27 1    81.839996
EBC44 28 0    1.278750
EBC44 28 1    81.839996
EBC44 29 0    1.278750
EBC44 29 1    81.839996
EBC44 30 0    1.288572
EBC44 30 1    82.353615
EBC44 31 0    1.267459
EBC44 31 1    80.740616
EBC44 32 0    1.303888
EBC44 32 1    80.988564
EBC44 33 0    1.278750
EBC44 33 1    81.839996
EBC44 34 0    1.278750
EBC44 34 1    81.839996
EBC44 35 0    1.262203
EBC44 35 1    82.511589
EBC44 36 0    1.310386
EBC44 36 1    81.106400
EBC44 37 0    1.281655
EBC44 37 1    84.082245
EBC44 38 0    1.246715
EBC44 38 1    80.004639
EBC44 39 0    1.298489
EBC44 39 1    80.597473
EBC44 40 0    1.249340
EBC44 40 1    80.437965
EBC44 41 0    1.257848
EBC44 41 1    81.486092
EBC44 42 0    1.278750
EBC44 42 1    81.839996
EBC44 43 0    1.278750
EBC44 43 1    81.839996
EBC44 44 0    1.278750
EBC44 44 1    81.839996
EBC44 45 0    1.278750
EBC44 45 1    81.839996
EBC44 46 0    1.278750
EBC44 46 1    81.839996
EBC44 47 0    1.278750
EBC44 47 1    81.839996
EBC46  0 0    1.273754
EBC46  0 1    81.018303
EBC46  1 0    1.282903
EBC46  1 1    82.139885
EBC46  2 0    1.310000
EBC46  2 1    82.901642
EBC46  3 0    1.298976
EBC46  3 1    80.542725
EBC46  4 0    1.318565
EBC46  4 1    80.998886
EBC46  5 0    1.258235
EBC46  5 1    79.840172
EBC46  6 0    1.275293
EBC46  6 1    80.204445
EBC46  7 0    1.209044
EBC46  7 1    81.047501
EBC46  8 0    1.296566
EBC46  8 1    79.921303
EBC46  9 0    1.309260
EBC46  9 1    83.279655
EBC46 10 0    1.294956
EBC46 10 1    81.383408
EBC46 11 0    1.316479
EBC46 11 1    81.754761
EBC46 12 0    1.287144
EBC46 12 1    80.988144
EBC46 13 0    1.310788
EBC46 13 1    81.007690
EBC46 14 0    1.307777
EBC46 14 1    82.269028
EBC46 15 0    1.295152
EBC46 15 1    79.368385
EBC46 16 0    1.289118
EBC46 16 1    81.137375
EBC46 17 0    1.293839
EBC46 17 1    78.398582
EBC46 18 0    1.278750
EBC46 18 1    81.839996
EBC46 19 0    1.278750
EBC46 19 1    81.839996
EBC46 20 0    1.286099
EBC46 20 1    80.758141
EBC46 21 0    1.319068
EBC46 21 1    80.339951
EBC46 22 0    1.327160
EBC46 22 1    81.043808
EBC46 23 0    1.322830
EBC46 23 1    81.303635
EBC46 24 0    1.278750
EBC46 24 1    81.839996
EBC46 25 0    1.278750
EBC46 25 1    81.839996
EBC46 26 0    1.278750
EBC46 26 1    81.839996
EBC46 27 0    1.278750
EBC46 27 1    81.839996
EBC46 28 0    1.278750
EBC46 28 1    81.839996
EBC46 29 0    1.278750
EBC46 29 1    81.839996
EBC46 30 0    1.297017
EBC46 30 1    82.011200
EBC46 31 0    1.272534
EBC46 31 1    79.250183
EBC46 32 0    1.300121
EBC46 32 1    79.475143
EBC46 33 0    1.278750
EBC46 33 1    81.839996
EBC46 34 0    1.278750
EBC46 34 1    81.839996
EBC46 35 0    1.275172
EBC46 35 1    80.857742
EBC46 36 0    1.310321
EBC46 36 1    78.877167
EBC46 37 0    1.274562
EBC46 37 1    82.527191
EBC46 38 0    1.296915
EBC46 38 1    82.963562
EBC46 39 0    1.275480
EBC46 39 1    80.941856
EBC46 40 0    1.271872
EBC46 40 1    81.784752
EBC46 41 0    1.244184
EBC46 41 1    81.313904
EBC46 42 0    1.278750
EBC46 42 1    81.839996
EBC46 43 0    1.278750
EBC46 43 1    81.839996
EBC46 44 0    1.278750
EBC46 44 1    81.839996
EBC46 45 0    1.278750
EBC46 45 1    81.839996
EBC46 46 0    1.278750
EBC46 46 1    81.839996
EBC46 47 0    1.278750
EBC46 47 1    81.839996
 25 drawers are preseint in DB
